       6380.0000       0.0000000
       6390.0000       0.0000000
       6400.0000   0.00097735110
       6405.0000   0.00099649932
       6410.0000    0.0011267945
       6415.0000   0.00071291864
       6420.0000   0.00011201480
       6425.0000   0.00036264441
       6430.0000   0.00084519834
       6435.0000   0.00052363041
       6440.0000   0.00072660955
       6445.0000   0.00082147523
       6450.0000   0.00047220782
       6455.0000   0.00055203895
       6460.0000   0.00091410632
       6465.0000   0.00034428827
       6470.0000   0.00044212965
       6475.0000  -0.00018792904
       6480.0000   0.00089116918
       6485.0000  -0.00011854300
       6490.0000   0.00073511183
       6495.0000   0.00022528206
       6500.0000   0.00087818084
       6505.0000   0.00074129307
       6510.0000  -6.4190666e-05
       6515.0000   0.00013591177
       6520.0000  -7.9819201e-06
       6525.0000   0.00099425309
       6530.0000  -0.00023224857
       6535.0000   0.00086049899
       6540.0000   0.00037548720
       6545.0000   0.00050097349
       6550.0000   0.00046378525
       6555.0000    0.0010749720
       6560.0000   0.00086621166
       6565.0000    0.0012630399
       6570.0000   0.00072424492
       6575.0000    0.0011252486
       6580.0000   1.8130149e-05
       6585.0000   0.00047423021
       6590.0000   0.00075406907
       6595.0000   0.00075855048
       6600.0000  -0.00045712027
       6605.0000    0.0011504174
       6610.0000   0.00023234278
       6615.0000   0.00031358525
       6620.0000   0.00080597977
       6625.0000   0.00021225795
       6630.0000   0.00036540849
       6635.0000   0.00015261756
       6640.0000   0.00032221861
       6645.0000   0.00054551824
       6650.0000    0.0012754014
       6655.0000    0.0010231674
       6660.0000    0.0039555337
       6665.0000     0.010747717
       6670.0000     0.031672362
       6675.0000     0.094186217
       6680.0000      0.23364504
       6685.0000      0.45545086
       6690.0000      0.69832838
       6695.0000      0.87228620
       6700.0000      0.95466423
       6705.0000      0.97454810
       6710.0000      0.97502828
       6715.0000      0.97087651
       6720.0000      0.96433866
       6725.0000      0.95953077
       6730.0000      0.95962822
       6735.0000      0.96519256
       6740.0000      0.97260308
       6745.0000      0.97788680
       6750.0000      0.98007685
       6755.0000      0.98414630
       6760.0000      0.98713320
       6765.0000      0.98802346
       6770.0000      0.98403519
       6775.0000      0.97583312
       6780.0000      0.97129631
       6785.0000      0.97032309
       6790.0000      0.97576052
       6795.0000      0.98290801
       6800.0000      0.98650396
       6805.0000      0.98489302
       6810.0000      0.97890556
       6815.0000      0.97140712
       6820.0000      0.97092992
       6825.0000      0.97592276
       6830.0000      0.97921318
       6835.0000      0.97879809
       6840.0000      0.97221774
       6845.0000      0.95761228
       6850.0000      0.94382119
       6855.0000      0.94066507
       6860.0000      0.94579911
       6865.0000      0.95862168
       6870.0000      0.97358775
       6875.0000      0.98182863
       6880.0000      0.98182839
       6885.0000      0.97499090
       6890.0000      0.97097743
       6895.0000      0.97227269
       6900.0000      0.97842926
       6905.0000      0.98502517
       6910.0000      0.98211312
       6915.0000      0.96720815
       6920.0000      0.94524264
       6925.0000      0.92329133
       6930.0000      0.91312927
       6935.0000      0.91412371
       6940.0000      0.92622393
       6945.0000      0.94656581
       6950.0000      0.96223360
       6955.0000      0.97172731
       6960.0000      0.97381449
       6965.0000      0.97104037
       6970.0000      0.96639037
       6975.0000      0.96169972
       6980.0000      0.95416826
       6985.0000      0.94875067
       6990.0000      0.93553245
       6995.0000      0.92606473
       7000.0000      0.92190689
       7005.0000      0.92515790
       7010.0000      0.93798333
       7015.0000      0.95712590
       7020.0000      0.97154307
       7025.0000      0.97817838
       7030.0000      0.97005379
       7035.0000      0.95493108
       7040.0000      0.93625087
       7045.0000      0.92493767
       7050.0000      0.92279816
       7055.0000      0.93520004
       7060.0000      0.95215017
       7065.0000      0.96848971
       7070.0000      0.98341322
       7075.0000      0.98335892
       7080.0000      0.97416109
       7085.0000      0.96152741
       7090.0000      0.94935644
       7095.0000      0.94225425
       7100.0000      0.94405365
       7105.0000      0.95172763
       7110.0000      0.96413457
       7115.0000      0.97636312
       7120.0000      0.98364538
       7125.0000      0.98766226
       7130.0000      0.98838580
       7135.0000      0.98599219
       7140.0000      0.98563761
       7145.0000      0.98436946
       7150.0000      0.98692721
       7155.0000      0.98701143
       7160.0000      0.99107379
       7165.0000      0.98894209
       7170.0000      0.98671412
       7175.0000      0.98361814
       7180.0000      0.98364258
       7185.0000      0.98387337
       7190.0000      0.98491579
       7195.0000      0.98435354
       7200.0000      0.97979617
       7205.0000      0.97687703
       7210.0000      0.96846193
       7215.0000      0.96086425
       7220.0000      0.95937395
       7225.0000      0.96026838
       7230.0000      0.96616274
       7235.0000      0.97463709
       7240.0000      0.98457390
       7245.0000      0.98512006
       7250.0000      0.98269689
       7255.0000      0.97544366
       7260.0000      0.96589488
       7265.0000      0.95658517
       7270.0000      0.95417321
       7275.0000      0.95780855
       7280.0000      0.96183705
       7285.0000      0.97001237
       7290.0000      0.97580063
       7295.0000      0.97375983
       7300.0000      0.97477287
       7305.0000      0.97328585
       7310.0000      0.96856475
       7315.0000      0.97160512
       7320.0000      0.97063708
       7325.0000      0.97306472
       7330.0000      0.97669393
       7335.0000      0.97248518
       7340.0000      0.96531004
       7345.0000      0.95998502
       7350.0000      0.96000707
       7355.0000      0.95896631
       7360.0000      0.96230829
       7365.0000      0.96720916
       7370.0000      0.96977824
       7375.0000      0.96986002
       7380.0000      0.96445918
       7385.0000      0.94981200
       7390.0000      0.93581587
       7395.0000      0.92596060
       7400.0000      0.91932505
       7405.0000      0.92332339
       7410.0000      0.93494725
       7415.0000      0.94590044
       7420.0000      0.95323670
       7425.0000      0.96212751
       7430.0000      0.95831698
       7435.0000      0.95082825
       7440.0000      0.94225717
       7445.0000      0.93518418
       7450.0000      0.93307960
       7455.0000      0.94078749
       7460.0000      0.95094949
       7465.0000      0.95990098
       7470.0000      0.97002274
       7475.0000      0.97900498
       7480.0000      0.98284012
       7485.0000      0.97618300
       7490.0000      0.97371596
       7495.0000      0.97259367
       7500.0000      0.97493094
       7505.0000      0.97702718
       7510.0000      0.97842997
       7515.0000      0.97857618
       7520.0000      0.97376841
       7525.0000      0.96529406
       7530.0000      0.95984113
       7535.0000      0.95731920
       7540.0000      0.95279032
       7545.0000      0.95443362
       7550.0000      0.96153075
       7555.0000      0.97005326
       7560.0000      0.97792709
       7565.0000      0.98509848
       7570.0000      0.98345357
       7575.0000      0.98210162
       7580.0000      0.97637159
       7585.0000      0.97393984
       7590.0000      0.97175843
       7595.0000      0.96913409
       7600.0000      0.97381979
       7605.0000      0.97780520
       7610.0000      0.97921365
       7615.0000      0.97939372
       7620.0000      0.97623879
       7625.0000      0.97228956
       7630.0000      0.96382761
       7635.0000      0.95730054
       7640.0000      0.95053828
       7645.0000      0.94789678
       7650.0000      0.94324899
       7655.0000      0.93966597
       7660.0000      0.94427055
       7665.0000      0.94833338
       7670.0000      0.95289493
       7675.0000      0.95682299
       7680.0000      0.96402580
       7685.0000      0.96862257
       7690.0000      0.96934801
       7695.0000      0.97257692
       7700.0000      0.97174817
       7705.0000      0.96395743
       7710.0000      0.96489066
       7715.0000      0.96157908
       7720.0000      0.95740020
       7725.0000      0.96113586
       7730.0000      0.96388316
       7735.0000      0.97167993
       7740.0000      0.98292494
       7745.0000      0.97998679
       7750.0000      0.98318273
       7755.0000      0.98197740
       7760.0000      0.97264481
       7765.0000      0.96622491
       7770.0000      0.96835017
       7775.0000      0.96224833
       7780.0000      0.95968926
       7785.0000      0.96283662
       7790.0000      0.96568078
       7795.0000      0.97340894
       7800.0000      0.97060615
       7805.0000      0.97502100
       7810.0000      0.97193772
       7815.0000      0.97731990
       7820.0000      0.97768569
       7825.0000      0.97845870
       7830.0000      0.97687376
       7835.0000      0.97368699
       7840.0000      0.97078103
       7845.0000      0.96859306
       7850.0000      0.97289777
       7855.0000      0.97599626
       7860.0000      0.97632515
       7865.0000      0.97971731
       7870.0000      0.97902918
       7875.0000      0.97700930
       7880.0000      0.97303832
       7885.0000      0.97702616
       7890.0000      0.96568543
       7895.0000      0.93950903
       7900.0000      0.85301453
       7905.0000      0.67804372
       7910.0000      0.43887538
       7915.0000      0.22946247
       7920.0000      0.10366842
       7925.0000     0.041192196
       7930.0000     0.016916608
       7935.0000     0.011664939
       7940.0000    0.0041854414
       7945.0000    0.0076003824
       7950.0000    0.0033158991
       7955.0000    0.0042641661
       7960.0000    0.0048114043
       7965.0000    0.0017518891
       7970.0000    0.0033304719
       7975.0000    0.0027353994
       7980.0000    0.0054265531
       7985.0000    0.0019243356
       7990.0000    0.0024846545
       7995.0000    0.0020125734
       8000.0000    0.0047311899
       8005.0000    0.0026254349
       8010.0000    0.0053534927
       8015.0000    0.0029220765
       8020.0000    0.0045660329
       8025.0000    0.0047256625
       8030.0000    0.0038960224
       8035.0000    0.0043628276
       8040.0000    0.0018451668
       8045.0000    0.0051537589
       8050.0000    0.0072908630
       8055.0000    0.0049909721
       8060.0000    0.0023270200
       8065.0000    0.0033192935
       8070.0000    0.0029066394
       8075.0000    0.0030585439
       8080.0000    0.0058625699
       8085.0000    0.0057247011
       8090.0000    0.0018061127
       8095.0000    0.0052304165
       8100.0000    0.0012904349
       8105.0000    0.0026047919
       8110.0000    0.0021739607
       8115.0000    0.0060603539
       8120.0000    0.0030038003
       8125.0000    0.0034904482
       8130.0000    0.0043728594
       8135.0000    0.0038720637
       8140.0000    0.0032877254
       8145.0000    0.0020202042
       8150.0000    0.0049653566
       8155.0000    0.0021542436
       8160.0000    0.0048774108
       8165.0000    0.0059517636
       8170.0000    0.0023761801
       8175.0000   0.00067264901
       8180.0000    0.0032781404
       8185.0000    0.0051837261
       8190.0000    0.0023434730
       8195.0000   0.00064746587
       8200.0000    0.0029110117
       8210.0000       0.0000000
       8220.0000       0.0000000
