angstroms,flam
       2000.1490   5.4060000e-09
       2001.5220   5.4801000e-09
       2002.8960   5.5642000e-09
       2004.2700   5.4974000e-09
       2005.6440   5.4875000e-09
       2007.0170   5.4760000e-09
       2008.3910   5.4068000e-09
       2009.7650   5.5019000e-09
       2011.1380   5.3175000e-09
       2012.5120   5.2330000e-09
       2013.8860   5.3053000e-09
       2015.2600   5.3614000e-09
       2016.6330   5.3652000e-09
       2018.0070   5.3621000e-09
       2019.3810   5.3551000e-09
       2020.7550   5.3468000e-09
       2022.1290   5.3282000e-09
       2023.5020   5.3977000e-09
       2024.8760   5.4035000e-09
       2026.2500   5.2955000e-09
       2027.6240   5.3541000e-09
       2028.9980   5.4305000e-09
       2030.3710   5.4775000e-09
       2031.7450   5.4662000e-09
       2033.1190   5.3220000e-09
       2034.4930   5.3163000e-09
       2035.8670   5.3215000e-09
       2037.2410   5.2874000e-09
       2038.6150   5.2934000e-09
       2039.9880   5.3023000e-09
       2041.3620   5.2319000e-09
       2042.7360   5.3479000e-09
       2044.1100   5.4259000e-09
       2045.4840   5.5054000e-09
       2046.8580   5.5497000e-09
       2048.2320   5.5136000e-09
       2049.6060   5.4971000e-09
       2050.9790   5.4914000e-09
       2052.3540   5.4697000e-09
       2053.7270   5.4073000e-09
       2055.1010   5.2514000e-09
       2056.4750   5.1921000e-09
       2057.8490   5.2572000e-09
       2059.2230   5.2780000e-09
       2060.5970   5.3468000e-09
       2061.9710   5.2447000e-09
       2063.3450   5.1557000e-09
       2064.7190   5.1951000e-09
       2066.0930   5.1500000e-09
       2067.4670   5.1388000e-09
       2068.8410   5.2146000e-09
       2070.2150   5.2741000e-09
       2071.5890   5.2820000e-09
       2072.9630   5.2483000e-09
       2074.3370   5.2685000e-09
       2075.7110   5.3432000e-09
       2077.0850   5.4013000e-09
       2078.4590   5.4079000e-09
       2079.8330   5.3510000e-09
       2081.2070   5.3353000e-09
       2082.5820   5.3886000e-09
       2083.9560   5.3880000e-09
       2085.3300   5.3472000e-09
       2086.7040   5.3812000e-09
       2088.0780   5.3735000e-09
       2089.4520   5.3559000e-09
       2090.8260   5.3120000e-09
       2092.2000   5.3323000e-09
       2093.5740   5.2930000e-09
       2094.9480   5.2073000e-09
       2096.3220   5.2291000e-09
       2097.6970   5.2001000e-09
       2099.0710   5.2347000e-09
       2100.4450   5.2774000e-09
       2101.8190   5.2132000e-09
       2103.1930   5.2241000e-09
       2104.5670   5.2263000e-09
       2105.9410   5.3180000e-09
       2107.3150   5.2627000e-09
       2108.6890   5.0801000e-09
       2110.0640   5.0141000e-09
       2111.4380   5.0209000e-09
       2112.8120   5.0304000e-09
       2114.1860   5.0303000e-09
       2115.5610   5.1806000e-09
       2116.9350   5.2879000e-09
       2118.3090   5.2639000e-09
       2119.6830   5.2375000e-09
       2121.0570   5.2382000e-09
       2122.4310   5.2207000e-09
       2123.8060   5.1712000e-09
       2125.1800   5.1055000e-09
       2126.5540   5.0258000e-09
       2127.9280   5.0230000e-09
       2129.3020   4.9468000e-09
       2130.6770   4.8234000e-09
       2132.0510   4.6810000e-09
       2133.4250   4.5403000e-09
       2134.8000   4.3815000e-09
       2136.1740   4.4728000e-09
       2137.5480   4.7522000e-09
       2138.9220   4.8247000e-09
       2140.2970   4.8297000e-09
       2141.6710   4.9325000e-09
       2143.0450   5.0307000e-09
       2144.4190   5.0589000e-09
       2145.7940   5.0818000e-09
       2147.1680   5.0017000e-09
       2148.5420   4.9930000e-09
       2149.9170   4.9944000e-09
       2151.2910   4.9158000e-09
       2152.6650   4.9409000e-09
       2154.0390   5.0540000e-09
       2155.4140   5.0962000e-09
       2156.7880   5.1047000e-09
       2158.1620   5.0671000e-09
       2159.5370   4.9086000e-09
       2160.9110   4.8841000e-09
       2162.2850   4.8566000e-09
       2163.6600   4.9140000e-09
       2165.0340   4.9130000e-09
       2166.4080   4.8290000e-09
       2167.7830   4.7771000e-09
       2169.1570   4.7235000e-09
       2170.5310   4.7107000e-09
       2171.9060   4.7842000e-09
       2173.2800   4.8330000e-09
       2174.6540   4.7287000e-09
       2176.0290   4.5830000e-09
       2177.4030   4.6977000e-09
       2178.7780   4.8055000e-09
       2180.1520   4.8564000e-09
       2181.5260   4.9227000e-09
       2182.9010   5.0020000e-09
       2184.2750   4.8963000e-09
       2185.6490   4.8036000e-09
       2187.0240   4.7508000e-09
       2188.3980   4.6727000e-09
       2189.7720   4.7819000e-09
       2191.1470   4.8803000e-09
       2192.5210   4.8362000e-09
       2193.8960   4.8818000e-09
       2195.2700   4.9987000e-09
       2196.6450   5.0202000e-09
       2198.0190   5.0076000e-09
       2199.3930   4.9795000e-09
       2200.7680   4.9260000e-09
       2202.1420   4.8475000e-09
       2203.5170   4.9425000e-09
       2204.8910   4.9401000e-09
       2206.2650   4.7977000e-09
       2207.6400   4.6479000e-09
       2209.0140   4.6674000e-09
       2210.3890   4.5991000e-09
       2211.7630   4.4975000e-09
       2213.1380   4.5712000e-09
       2214.5120   4.5063000e-09
       2215.8860   4.5423000e-09
       2217.2610   4.5250000e-09
       2218.6350   4.5923000e-09
       2220.0100   4.6302000e-09
       2221.3840   4.5612000e-09
       2222.7590   4.6133000e-09
       2224.1330   4.5064000e-09
       2225.5080   4.4776000e-09
       2226.8820   4.5130000e-09
       2228.2570   4.4784000e-09
       2229.6310   4.6398000e-09
       2231.0060   4.7520000e-09
       2232.3800   4.6978000e-09
       2233.7550   4.7579000e-09
       2235.1290   4.7419000e-09
       2236.5030   4.7577000e-09
       2237.8780   4.7480000e-09
       2239.2520   4.6987000e-09
       2240.6270   4.6741000e-09
       2242.0010   4.5696000e-09
       2243.3760   4.4675000e-09
       2244.7500   4.4219000e-09
       2246.1250   4.4211000e-09
       2247.5000   4.4214000e-09
       2248.8740   4.3128000e-09
       2250.2480   4.2520000e-09
       2251.6230   4.3316000e-09
       2252.9970   4.3908000e-09
       2254.3720   4.2627000e-09
       2255.7460   4.1809000e-09
       2257.1210   4.1851000e-09
       2258.4950   4.3418000e-09
       2259.8700   4.4108000e-09
       2261.2440   4.3598000e-09
       2262.6190   4.4887000e-09
       2263.9930   4.4829000e-09
       2265.3680   4.3980000e-09
       2266.7420   4.3861000e-09
       2268.1170   4.4167000e-09
       2269.4910   4.4256000e-09
       2270.8660   4.5613000e-09
       2272.2400   4.6733000e-09
       2273.6150   4.7200000e-09
       2274.9900   4.6993000e-09
       2276.3640   4.5978000e-09
       2277.7390   4.5517000e-09
       2279.1130   4.5795000e-09
       2280.4880   4.5822000e-09
       2281.8620   4.6714000e-09
       2283.2370   4.7019000e-09
       2284.6110   4.6018000e-09
       2285.9860   4.6406000e-09
       2287.3600   4.5782000e-09
       2288.7350   4.6375000e-09
       2290.1090   4.7524000e-09
       2291.4840   4.7408000e-09
       2292.8580   4.6256000e-09
       2294.2330   4.4999000e-09
       2295.6070   4.4896000e-09
       2296.9820   4.3322000e-09
       2298.3560   4.0934000e-09
       2299.7310   4.1788000e-09
       2301.1050   4.3226000e-09
       2302.4800   4.4200000e-09
       2303.8550   4.3755000e-09
       2305.2290   4.3949000e-09
       2306.6040   4.4608000e-09
       2307.9780   4.4503000e-09
       2309.3530   4.4747000e-09
       2310.7270   4.5385000e-09
       2312.1020   4.3285000e-09
       2313.4760   4.1360000e-09
       2314.8510   4.1356000e-09
       2316.2260   4.2434000e-09
       2317.6000   4.3278000e-09
       2318.9750   4.2942000e-09
       2320.3490   4.2595000e-09
       2321.7240   4.3132000e-09
       2323.0980   4.4060000e-09
       2324.4730   4.4097000e-09
       2325.8470   4.1808000e-09
       2327.2220   4.0356000e-09
       2328.5960   4.1326000e-09
       2329.9710   4.2813000e-09
       2331.3450   4.2079000e-09
       2332.7200   4.1391000e-09
       2334.0940   4.1043000e-09
       2335.4690   4.1491000e-09
       2336.8440   4.2345000e-09
       2338.2180   4.1221000e-09
       2339.5930   4.1385000e-09
       2340.9670   4.1297000e-09
       2342.3420   4.0806000e-09
       2343.7160   3.9182000e-09
       2345.0910   3.6957000e-09
       2346.4650   3.8681000e-09
       2347.8400   4.0108000e-09
       2349.2140   4.0143000e-09
       2350.5890   4.2274000e-09
       2351.9630   4.2293000e-09
       2353.3380   4.2344000e-09
       2354.7120   4.1293000e-09
       2356.0870   4.0706000e-09
       2357.4610   4.1682000e-09
       2358.8360   4.1606000e-09
       2360.2100   3.9026000e-09
       2361.5850   3.8702000e-09
       2362.9590   4.0208000e-09
       2364.3340   4.0095000e-09
       2365.7080   3.9721000e-09
       2367.0830   4.0125000e-09
       2368.4580   4.0577000e-09
       2369.8320   4.0775000e-09
       2371.2070   4.0544000e-09
       2372.5810   4.1476000e-09
       2373.9560   4.0571000e-09
       2375.3300   3.9982000e-09
       2376.7050   4.0661000e-09
       2378.0790   4.1291000e-09
       2379.4540   3.9083000e-09
       2380.8280   3.7788000e-09
       2382.2030   3.5288000e-09
       2383.5770   3.3499000e-09
       2384.9520   3.7005000e-09
       2386.3260   3.9740000e-09
       2387.7010   3.9535000e-09
       2389.0750   3.7283000e-09
       2390.4500   3.7904000e-09
       2391.8240   4.0123000e-09
       2393.1990   4.1161000e-09
       2394.5730   4.0300000e-09
       2395.9480   3.7175000e-09
       2397.3220   3.7868000e-09
       2398.6970   3.9481000e-09
       2400.0710   3.8552000e-09
       2401.4460   3.9014000e-09
       2402.8200   3.9730000e-09
       2404.1950   3.8907000e-09
       2405.5690   3.7008000e-09
       2406.9430   3.6996000e-09
       2408.3180   3.7796000e-09
       2409.6920   3.8462000e-09
       2411.0670   3.7243000e-09
       2412.4410   3.7678000e-09
       2413.8160   3.9095000e-09
       2415.1900   3.9485000e-09
       2416.5650   3.9726000e-09
       2417.9390   3.9088000e-09
       2419.3130   4.0009000e-09
       2420.6880   4.1640000e-09
       2422.0630   4.2453000e-09
       2423.4370   4.1356000e-09
       2424.8110   3.9150000e-09
       2426.1860   3.9192000e-09
       2427.5600   3.9996000e-09
       2428.9350   3.8836000e-09
       2430.3090   3.8018000e-09
       2431.6840   3.9393000e-09
       2433.0580   3.9347000e-09
       2434.4320   3.7770000e-09
       2435.8070   3.7497000e-09
       2437.1810   3.7998000e-09
       2438.5560   3.8175000e-09
       2439.9300   3.9914000e-09
       2441.3040   4.0996000e-09
       2442.6790   4.2100000e-09
       2444.0530   4.2015000e-09
       2445.4280   4.0103000e-09
       2446.8020   3.8235000e-09
       2448.1770   3.8438000e-09
       2449.5510   3.9559000e-09
       2450.9250   3.8874000e-09
       2452.3000   3.9367000e-09
       2453.6740   4.0244000e-09
       2455.0480   3.9589000e-09
       2456.4230   4.0314000e-09
       2457.7970   4.0468000e-09
       2459.1710   4.0286000e-09
       2460.5460   3.9675000e-09
       2461.9200   3.9367000e-09
       2463.2950   3.8518000e-09
       2464.6690   3.8366000e-09
       2466.0430   3.8305000e-09
       2467.4180   3.8310000e-09
       2468.7920   3.8739000e-09
       2470.1660   3.8621000e-09
       2471.5410   3.8316000e-09
       2472.9150   3.8288000e-09
       2474.2890   3.8155000e-09
       2475.6640   3.9217000e-09
       2477.0380   3.9001000e-09
       2478.4120   3.8280000e-09
       2479.7870   3.7974000e-09
       2481.1610   3.8738000e-09
       2482.5350   3.8851000e-09
       2483.9090   3.7892000e-09
       2485.2840   3.8157000e-09
       2486.6580   3.9601000e-09
       2488.0320   4.0368000e-09
       2489.4070   4.0002000e-09
       2490.7810   3.7935000e-09
       2492.1550   3.6871000e-09
       2493.5300   3.8067000e-09
       2494.9040   3.9102000e-09
       2496.2780   4.1147000e-09
       2497.6520   4.1003000e-09
       2499.0270   3.9856000e-09
       2500.4010   4.0259000e-09
       2501.7750   4.1058000e-09
       2503.1490   4.0327000e-09
       2504.5240   3.9533000e-09
       2505.8980   3.9564000e-09
       2507.2720   3.8668000e-09
       2508.6460   3.9012000e-09
       2510.0210   4.0084000e-09
       2511.3950   3.9369000e-09
       2512.7690   3.8394000e-09
       2514.1430   3.9161000e-09
       2515.5170   3.9040000e-09
       2516.8920   3.8967000e-09
       2518.2660   3.8643000e-09
       2519.6400   3.8355000e-09
       2521.0140   3.7545000e-09
       2522.3880   3.7603000e-09
       2523.7620   3.7369000e-09
       2525.1370   3.6727000e-09
       2526.5110   3.4598000e-09
       2527.8850   3.4099000e-09
       2529.2590   3.4747000e-09
       2530.6330   3.4518000e-09
       2532.0080   3.7118000e-09
       2533.3820   3.8966000e-09
       2534.7560   3.7665000e-09
       2536.1300   3.6129000e-09
       2537.5040   3.5346000e-09
       2538.8780   3.3936000e-09
       2540.2520   3.3619000e-09
       2541.6260   3.5736000e-09
       2543.0000   3.5774000e-09
       2544.3750   3.6179000e-09
       2545.7490   3.6490000e-09
       2547.1230   3.5769000e-09
       2548.4970   3.5812000e-09
       2549.8710   3.3311000e-09
       2551.2450   3.3862000e-09
       2552.6190   3.7657000e-09
       2553.9930   3.9970000e-09
       2555.3670   4.0044000e-09
       2556.7410   3.9331000e-09
       2558.1150   3.8885000e-09
       2559.4900   3.8807000e-09
       2560.8640   3.7917000e-09
       2562.2380   3.8327000e-09
       2563.6120   3.6806000e-09
       2564.9860   3.7018000e-09
       2566.3600   3.9362000e-09
       2567.7340   3.8577000e-09
       2569.1070   3.9503000e-09
       2570.4810   3.9913000e-09
       2571.8550   3.9410000e-09
       2573.2290   3.9413000e-09
       2574.6040   3.9247000e-09
       2575.9780   3.9313000e-09
       2577.3510   3.8527000e-09
       2578.7250   3.8514000e-09
       2580.0990   3.9119000e-09
       2581.4730   3.9699000e-09
       2582.8470   3.9095000e-09
       2584.2210   3.8383000e-09
       2585.5950   3.9035000e-09
       2586.9690   3.7260000e-09
       2588.3430   3.8589000e-09
       2589.7170   3.9024000e-09
       2591.0910   3.9076000e-09
       2592.4650   3.8429000e-09
       2593.8390   3.8340000e-09
       2595.2120   3.8517000e-09
       2596.5860   3.9479000e-09
       2597.9600   3.9340000e-09
       2599.3340   3.5339000e-09
       2600.7080   3.4937000e-09
       2602.0820   3.9093000e-09
       2603.4560   4.0241000e-09
       2604.8290   3.9187000e-09
       2606.2030   3.6409000e-09
       2607.5770   3.4849000e-09
       2608.9510   3.6310000e-09
       2610.3250   3.6766000e-09
       2611.6980   3.5956000e-09
       2613.0720   3.5571000e-09
       2614.4460   3.6476000e-09
       2615.8200   3.7819000e-09
       2617.1940   3.9669000e-09
       2618.5670   3.8226000e-09
       2619.9410   3.7906000e-09
       2621.3150   3.7440000e-09
       2622.6890   3.8049000e-09
       2624.0620   3.8560000e-09
       2625.4360   3.8134000e-09
       2626.8100   3.6316000e-09
       2628.1840   3.7769000e-09
       2629.5570   3.7139000e-09
       2630.9310   3.5907000e-09
       2632.3050   3.4088000e-09
       2633.6780   3.7391000e-09
       2635.0520   4.0039000e-09
       2636.4260   4.0560000e-09
       2637.8000   4.0463000e-09
       2639.1730   3.9473000e-09
       2640.5470   4.0227000e-09
       2641.9200   4.0465000e-09
       2643.2940   4.0956000e-09
       2644.6680   4.1476000e-09
       2646.0420   4.1334000e-09
       2647.4150   4.1353000e-09
       2648.7890   4.1520000e-09
       2650.1620   4.1274000e-09
       2651.5360   4.0948000e-09
       2652.9090   4.0631000e-09
       2654.2830   4.0318000e-09
       2655.6560   4.0674000e-09
       2657.0300   4.0744000e-09
       2658.4040   4.0281000e-09
       2659.7770   3.9549000e-09
       2661.1510   4.0020000e-09
       2662.5240   3.9222000e-09
       2663.8980   3.8009000e-09
       2665.2710   3.7349000e-09
       2666.6450   3.7667000e-09
       2668.0180   3.7714000e-09
       2669.3920   3.8796000e-09
       2670.7650   3.8741000e-09
       2672.1390   3.8592000e-09
       2673.5120   3.7784000e-09
       2674.8860   3.9224000e-09
       2676.2590   3.9612000e-09
       2677.6330   3.9148000e-09
       2679.0060   3.8713000e-09
       2680.3790   3.8812000e-09
       2681.7530   3.9399000e-09
       2683.1260   4.0078000e-09
       2684.5000   3.9736000e-09
       2685.8730   3.8717000e-09
       2687.2460   3.8649000e-09
       2688.6200   3.8025000e-09
       2689.9930   3.7934000e-09
       2691.3660   3.8102000e-09
       2692.7400   3.7421000e-09
       2694.1130   3.7396000e-09
       2695.4870   3.8840000e-09
       2696.8600   3.9187000e-09
       2698.2330   3.7788000e-09
       2699.6060   3.6990000e-09
       2700.9800   3.8362000e-09
       2702.3530   3.7914000e-09
       2703.7260   3.8365000e-09
       2705.1000   3.7931000e-09
       2706.4730   3.7945000e-09
       2707.8460   3.7518000e-09
       2709.2190   3.7097000e-09
       2710.5930   3.6522000e-09
       2711.9660   3.6594000e-09
       2713.3390   3.6900000e-09
       2714.7120   3.7960000e-09
       2716.0850   3.7932000e-09
       2717.4580   3.7594000e-09
       2718.8320   3.7201000e-09
       2720.2050   3.7060000e-09
       2721.5780   3.7571000e-09
       2722.9510   3.7558000e-09
       2724.3240   3.7260000e-09
       2725.6980   3.7359000e-09
       2727.0710   3.7332000e-09
       2728.4440   3.6484000e-09
       2729.8170   3.7765000e-09
       2731.1900   3.8251000e-09
       2732.5630   3.8295000e-09
       2733.9360   3.8621000e-09
       2735.3090   3.9105000e-09
       2736.6820   3.8484000e-09
       2738.0550   3.7166000e-09
       2739.4280   3.6996000e-09
       2740.8010   3.6089000e-09
       2742.1740   3.6611000e-09
       2743.5470   3.5684000e-09
       2744.9200   3.5822000e-09
       2746.2930   3.5682000e-09
       2747.6660   3.3906000e-09
       2749.0390   3.4169000e-09
       2750.4120   3.2504000e-09
       2751.7850   3.4010000e-09
       2753.1580   3.5708000e-09
       2754.5310   3.5949000e-09
       2755.9040   3.5372000e-09
       2757.2770   3.4932000e-09
       2758.6500   3.6235000e-09
       2760.0220   3.6590000e-09
       2761.3950   3.6423000e-09
       2762.7680   3.5749000e-09
       2764.1410   3.5996000e-09
       2765.5140   3.6719000e-09
       2766.8870   3.6348000e-09
       2768.2600   3.5834000e-09
       2769.6320   3.5501000e-09
       2771.0050   3.6438000e-09
       2772.3780   3.7676000e-09
       2773.7510   3.8127000e-09
       2775.1240   3.7979000e-09
       2776.4960   3.7406000e-09
       2777.8690   3.6763000e-09
       2779.2420   3.6174000e-09
       2780.6150   3.5743000e-09
       2781.9870   3.6027000e-09
       2783.3600   3.6497000e-09
       2784.7320   3.6375000e-09
       2786.1050   3.6875000e-09
       2787.4780   3.7339000e-09
       2788.8510   3.7175000e-09
       2790.2230   3.6798000e-09
       2791.5960   3.5072000e-09
       2792.9690   3.4568000e-09
       2794.3410   3.2080000e-09
       2795.7140   2.6272000e-09
       2797.0860   2.4996000e-09
       2798.4590   2.9268000e-09
       2799.8310   3.2134000e-09
       2801.2040   3.3006000e-09
       2802.5760   2.9936000e-09
       2803.9490   2.7668000e-09
       2805.3220   3.2503000e-09
       2806.6940   3.5796000e-09
       2808.0660   3.7342000e-09
       2809.4390   3.7941000e-09
       2810.8120   3.7699000e-09
       2812.1840   3.7232000e-09
       2813.5560   3.6935000e-09
       2814.9290   3.7530000e-09
       2816.3010   3.8098000e-09
       2817.6740   3.7727000e-09
       2819.0460   3.7821000e-09
       2820.4180   3.8347000e-09
       2821.7910   3.8424000e-09
       2823.1630   3.7602000e-09
       2824.5360   3.7924000e-09
       2825.9080   3.7968000e-09
       2827.2800   3.7583000e-09
       2828.6530   3.7178000e-09
       2830.0250   3.6962000e-09
       2831.3970   3.6615000e-09
       2832.7700   3.6441000e-09
       2834.1420   3.7063000e-09
       2835.5140   3.6847000e-09
       2836.8860   3.6186000e-09
       2838.2590   3.6624000e-09
       2839.6310   3.6271000e-09
       2841.0030   3.5019000e-09
       2842.3750   3.5336000e-09
       2843.7470   3.5601000e-09
       2845.1200   3.6183000e-09
       2846.4920   3.6698000e-09
       2847.8640   3.6325000e-09
       2849.2360   3.5481000e-09
       2850.6080   3.5234000e-09
       2851.9800   3.5055000e-09
       2853.3520   3.5079000e-09
       2854.7250   3.6399000e-09
       2856.0970   3.5647000e-09
       2857.4690   3.4380000e-09
       2858.8410   3.4523000e-09
       2860.2130   3.5634000e-09
       2861.5850   3.6423000e-09
       2862.9570   3.6297000e-09
       2864.3290   3.6422000e-09
       2865.7010   3.5740000e-09
       2867.0730   3.5296000e-09
       2868.4450   3.5090000e-09
       2869.8170   3.5289000e-09
       2871.1890   3.5436000e-09
       2872.5610   3.5746000e-09
       2873.9320   3.5341000e-09
       2875.3040   3.5271000e-09
       2876.6760   3.4839000e-09
       2878.0480   3.4949000e-09
       2879.4200   3.5540000e-09
       2880.7920   3.5503000e-09
       2882.1640   3.5481000e-09
       2883.5350   3.6420000e-09
       2884.9070   3.6350000e-09
       2886.2790   3.6683000e-09
       2887.6510   3.6577000e-09
       2889.0230   3.5881000e-09
       2890.3950   3.5083000e-09
       2891.7660   3.5516000e-09
       2893.1380   3.5267000e-09
       2894.5100   3.5403000e-09
       2895.8810   3.5450000e-09
       2897.2530   3.5517000e-09
       2898.6250   3.5709000e-09
       2899.9960   3.6411000e-09
       2901.3680   3.7328000e-09
       2902.7400   3.7644000e-09
       2904.1110   3.7571000e-09
       2905.4830   3.7825000e-09
       2906.8540   3.7484000e-09
       2908.2260   3.7002000e-09
       2909.5980   3.6704000e-09
       2910.9690   3.6705000e-09
       2912.3410   3.7077000e-09
       2913.7120   3.7638000e-09
       2915.0840   3.7757000e-09
       2916.4550   3.7351000e-09
       2917.8270   3.7280000e-09
       2919.1980   3.7494000e-09
       2920.5700   3.7561000e-09
       2921.9410   3.6936000e-09
       2923.3130   3.6435000e-09
       2924.6840   3.5879000e-09
       2926.0550   3.6156000e-09
       2927.4270   3.5664000e-09
       2928.7980   3.5129000e-09
       2930.1690   3.5570000e-09
       2931.5410   3.6425000e-09
       2932.9120   3.6197000e-09
       2934.2830   3.5599000e-09
       2935.6550   3.5854000e-09
       2937.0260   3.5495000e-09
       2938.3970   3.5783000e-09
       2939.7690   3.5702000e-09
       2941.1400   3.5875000e-09
       2942.5110   3.6374000e-09
       2943.8820   3.6681000e-09
       2945.2530   3.5993000e-09
       2946.6250   3.6261000e-09
       2947.9960   3.5795000e-09
       2949.3670   3.5361000e-09
       2950.7380   3.5685000e-09
       2952.1090   3.6550000e-09
       2953.4800   3.6293000e-09
       2954.8510   3.5710000e-09
       2956.2220   3.6737000e-09
       2957.5940   3.7136000e-09
       2958.9650   3.7199000e-09
       2960.3360   3.6855000e-09
       2961.7070   3.6591000e-09
       2963.0780   3.6628000e-09
       2964.4490   3.6274000e-09
       2965.8200   3.5167000e-09
       2967.1910   3.6077000e-09
       2968.5620   3.6514000e-09
       2969.9320   3.6187000e-09
       2971.3030   3.5397000e-09
       2972.6740   3.5740000e-09
       2974.0450   3.6479000e-09
       2975.4160   3.6888000e-09
       2976.7870   3.6542000e-09
       2978.1580   3.6592000e-09
       2979.5290   3.6217000e-09
       2980.8990   3.5887000e-09
       2982.2700   3.6257000e-09
       2983.6410   3.6181000e-09
       2985.0120   3.5416000e-09
       2986.3830   3.4667000e-09
       2987.7530   3.6017000e-09
       2989.1240   3.6529000e-09
       2990.4950   3.6869000e-09
       2991.8650   3.7185000e-09
       2993.2360   3.7099000e-09
       2994.6070   3.7062000e-09
       2995.9770   3.7056000e-09
       2997.3480   3.7135000e-09
       2998.7190   3.7015000e-09
       3000.0890   3.6677000e-09
       3001.4600   3.6292000e-09
       3002.8300   3.5923000e-09
       3004.2010   3.5966000e-09
       3005.5710   3.6723000e-09
       3006.9420   3.7125000e-09
       3008.3120   3.7009000e-09
       3009.6830   3.6954000e-09
       3011.0530   3.7105000e-09
       3012.4240   3.7100000e-09
       3013.7940   3.7176000e-09
       3015.1650   3.7166000e-09
       3016.5350   3.6827000e-09
       3017.9050   3.6377000e-09
       3019.2760   3.6509000e-09
       3020.6460   3.6141000e-09
       3022.0160   3.5830000e-09
       3023.3870   3.6570000e-09
       3024.7570   3.6864000e-09
       3026.1270   3.6558000e-09
       3027.4980   3.6303000e-09
       3028.8680   3.6624000e-09
       3030.2380   3.6491000e-09
       3031.6080   3.6219000e-09
       3032.9790   3.6138000e-09
       3034.3490   3.6040000e-09
       3035.7190   3.6293000e-09
       3037.0890   3.6317000e-09
       3038.4590   3.6156000e-09
       3039.8290   3.6227000e-09
       3041.1990   3.6144000e-09
       3042.5690   3.5847000e-09
       3043.9390   3.6001000e-09
       3045.3100   3.6220000e-09
       3046.6790   3.6187000e-09
       3048.0500   3.5849000e-09
       3049.4200   3.5639000e-09
       3050.7900   3.5654000e-09
       3052.1590   3.5912000e-09
       3053.5300   3.6155000e-09
       3054.8990   3.6256000e-09
       3056.2690   3.5966000e-09
       3057.6390   3.5598000e-09
       3059.0090   3.5280000e-09
       3060.3790   3.5423000e-09
       3061.7490   3.5883000e-09
       3063.1190   3.5909000e-09
       3064.4890   3.5849000e-09
       3067.2450   3.5401000e-09
       3069.9910   3.5412000e-09
       3072.7370   3.4967000e-09
       3075.4830   3.4804000e-09
       3078.2290   3.5116000e-09
       3080.9750   3.5700000e-09
       3083.7210   3.5745000e-09
       3086.4670   3.5408000e-09
       3089.2130   3.4954000e-09
       3091.9590   3.4828000e-09
       3094.7050   3.4893000e-09
       3097.4510   3.5115000e-09
       3100.1970   3.5062000e-09
       3102.9430   3.4827000e-09
       3105.6890   3.4840000e-09
       3108.4360   3.5244000e-09
       3111.1820   3.5221000e-09
       3113.9280   3.5201000e-09
       3116.6740   3.4642000e-09
       3119.4200   3.4280000e-09
       3122.1670   3.4542000e-09
       3124.9130   3.4443000e-09
       3127.6590   3.4472000e-09
       3130.4050   3.4398000e-09
       3133.1520   3.4552000e-09
       3135.8980   3.4669000e-09
       3138.6450   3.5049000e-09
       3141.3910   3.5088000e-09
       3144.1370   3.4871000e-09
       3146.8840   3.4738000e-09
       3149.6300   3.4832000e-09
       3152.3770   3.4795000e-09
       3155.1230   3.4611000e-09
       3157.8700   3.4266000e-09
       3160.6160   3.3785000e-09
       3163.3630   3.4032000e-09
       3166.1090   3.4328000e-09
       3168.8560   3.4294000e-09
       3171.6030   3.4642000e-09
       3174.3490   3.4537000e-09
       3177.0960   3.4076000e-09
       3179.8430   3.3216000e-09
       3182.5890   3.3461000e-09
       3185.3360   3.3945000e-09
       3188.0830   3.3864000e-09
       3190.8290   3.3680000e-09
       3193.5760   3.3518000e-09
       3196.3230   3.3597000e-09
       3199.0700   3.4123000e-09
       3201.8170   3.4276000e-09
       3204.5630   3.4297000e-09
       3207.3100   3.3991000e-09
       3210.0570   3.3581000e-09
       3212.8040   3.3341000e-09
       3215.5510   3.3381000e-09
       3218.2980   3.3471000e-09
       3221.0450   3.3634000e-09
       3223.7920   3.3557000e-09
       3226.5390   3.3174000e-09
       3229.2860   3.2886000e-09
       3232.0330   3.3030000e-09
       3234.7800   3.2729000e-09
       3237.5270   3.2601000e-09
       3240.2740   3.2966000e-09
       3243.0210   3.3453000e-09
       3245.7680   3.3609000e-09
       3248.5150   3.3333000e-09
       3251.2630   3.3111000e-09
       3254.0100   3.3055000e-09
       3256.7570   3.3316000e-09
       3259.5040   3.3413000e-09
       3262.2510   3.3505000e-09
       3264.9990   3.3621000e-09
       3267.7460   3.3548000e-09
       3270.4930   3.3370000e-09
       3273.2400   3.3252000e-09
       3275.9880   3.3022000e-09
       3278.7350   3.2909000e-09
       3281.4830   3.3140000e-09
       3284.2300   3.3279000e-09
       3286.9770   3.3077000e-09
       3289.7250   3.3295000e-09
       3292.4720   3.3492000e-09
       3295.2190   3.3444000e-09
       3297.9670   3.3480000e-09
       3300.7150   3.3502000e-09
       3303.4620   3.3384000e-09
       3306.2090   3.3291000e-09
       3308.9570   3.3306000e-09
       3311.7050   3.3037000e-09
       3314.4520   3.3158000e-09
       3317.2000   3.3206000e-09
       3319.9470   3.3095000e-09
       3322.6950   3.2701000e-09
       3325.4420   3.2708000e-09
       3328.1900   3.2735000e-09
       3330.9380   3.2721000e-09
       3333.6850   3.2610000e-09
       3336.4330   3.2279000e-09
       3339.1810   3.2226000e-09
       3341.9280   3.2155000e-09
       3344.6760   3.2322000e-09
       3347.4240   3.2111000e-09
       3350.1720   3.2018000e-09
       3352.9190   3.2515000e-09
       3355.6670   3.2647000e-09
       3358.4150   3.2153000e-09
       3361.1630   3.2008000e-09
       3363.9110   3.2354000e-09
       3366.6590   3.2371000e-09
       3369.4060   3.2189000e-09
       3372.1540   3.2160000e-09
       3374.9020   3.2372000e-09
       3377.6500   3.2330000e-09
       3380.3980   3.1999000e-09
       3383.1460   3.2024000e-09
       3385.8940   3.2221000e-09
       3388.6420   3.2255000e-09
       3391.3900   3.2120000e-09
       3394.1380   3.1999000e-09
       3396.8860   3.2221000e-09
       3399.6340   3.2426000e-09
       3402.3820   3.2246000e-09
       3405.1300   3.2207000e-09
       3407.8780   3.2043000e-09
       3410.6260   3.2248000e-09
       3413.3740   3.2399000e-09
       3416.1220   3.2310000e-09
       3418.8710   3.2194000e-09
       3421.6190   3.1974000e-09
       3424.3670   3.2076000e-09
       3427.1150   3.2292000e-09
       3429.8630   3.2350000e-09
       3432.6110   3.2231000e-09
       3435.3600   3.2065000e-09
       3438.1080   3.2000000e-09
       3440.8560   3.1672000e-09
       3443.6040   3.1568000e-09
       3446.3530   3.1799000e-09
       3449.1010   3.1979000e-09
       3451.8490   3.2151000e-09
       3454.5970   3.2096000e-09
       3457.3460   3.1913000e-09
       3460.0940   3.1634000e-09
       3462.8420   3.1591000e-09
       3465.5910   3.1837000e-09
       3468.3390   3.1836000e-09
       3471.0870   3.1818000e-09
       3473.8360   3.1431000e-09
       3476.5840   3.1380000e-09
       3479.3330   3.1547000e-09
       3482.0810   3.1547000e-09
       3484.8300   3.1362000e-09
       3487.5780   3.1335000e-09
       3490.3260   3.1202000e-09
       3493.0750   3.1240000e-09
       3495.8230   3.1254000e-09
       3498.5720   3.1385000e-09
       3501.3210   3.1364000e-09
       3504.0690   3.1258000e-09
       3506.8180   3.1163000e-09
       3509.5660   3.1137000e-09
       3512.3150   3.1065000e-09
       3515.0630   3.1130000e-09
       3517.8120   3.1397000e-09
       3520.5600   3.1470000e-09
       3523.3090   3.1401000e-09
       3526.0580   3.1371000e-09
       3528.8060   3.1244000e-09
       3531.5550   3.1192000e-09
       3534.3030   3.1109000e-09
       3537.0520   3.1194000e-09
       3539.8010   3.1224000e-09
       3542.5500   3.1306000e-09
       3545.2980   3.1279000e-09
       3548.0470   3.1347000e-09
       3550.7960   3.1388000e-09
       3553.5440   3.1263000e-09
       3556.2930   3.1043000e-09
       3559.0420   3.1058000e-09
       3561.7910   3.1126000e-09
       3564.5400   3.0948000e-09
       3567.2880   3.0764000e-09
       3570.0370   3.0665000e-09
       3572.7860   3.0523000e-09
       3575.5350   3.0661000e-09
       3578.2830   3.0657000e-09
       3581.0320   3.0582000e-09
       3583.7810   3.0430000e-09
       3586.5300   3.0482000e-09
       3589.2790   3.0656000e-09
       3592.0280   3.0666000e-09
       3594.7770   3.0668000e-09
       3597.5260   3.0712000e-09
       3600.2740   3.0656000e-09
       3603.0230   3.0528000e-09
       3605.7720   3.0482000e-09
       3608.5210   3.0465000e-09
       3611.2700   3.0434000e-09
       3614.0190   3.0409000e-09
       3616.7680   3.0460000e-09
       3619.5170   3.0448000e-09
       3622.2660   3.0490000e-09
       3625.0150   3.0449000e-09
       3627.7640   3.0422000e-09
       3630.5130   3.0280000e-09
       3633.2620   3.0256000e-09
       3636.0110   3.0387000e-09
       3638.7600   3.0409000e-09
       3641.5090   3.0305000e-09
       3644.2580   3.0329000e-09
       3647.0070   3.0342000e-09
       3649.7560   3.0271000e-09
       3652.5050   3.0203000e-09
       3655.2540   3.0210000e-09
       3658.0030   3.0259000e-09
       3660.7530   3.0192000e-09
       3663.5020   3.0208000e-09
       3666.2510   3.0336000e-09
       3669.0000   3.0200000e-09
       3671.7490   3.0100000e-09
       3674.4980   3.0078000e-09
       3677.2470   3.0012000e-09
       3679.9970   2.9917000e-09
       3682.7460   2.9918000e-09
       3685.4950   2.9778000e-09
       3688.2440   2.9751000e-09
       3690.9930   3.0072000e-09
       3693.7420   3.0325000e-09
       3696.4920   3.0244000e-09
       3699.2410   3.0573000e-09
       3701.9900   3.0719000e-09
       3704.7390   2.9918000e-09
       3707.4890   3.1192000e-09
       3710.2380   3.0930000e-09
       3712.9870   3.0155000e-09
       3715.7360   3.2792000e-09
       3718.4860   3.3489000e-09
       3721.2350   3.0590000e-09
       3723.9840   3.1051000e-09
       3726.7330   3.5532000e-09
       3729.4830   3.7334000e-09
       3732.2320   3.3820000e-09
       3734.9810   3.0316000e-09
       3737.7300   3.3508000e-09
       3740.4800   3.9738000e-09
       3743.2290   4.2436000e-09
       3745.9790   3.9243000e-09
       3748.7280   3.3096000e-09
       3751.4770   3.0979000e-09
       3754.2270   3.6494000e-09
       3756.9760   4.3471000e-09
       3759.7250   4.7554000e-09
       3762.4750   4.7950000e-09
       3765.2240   4.4309000e-09
       3767.9730   3.7451000e-09
       3770.7230   3.1861000e-09
       3773.4720   3.4381000e-09
       3776.2210   4.2790000e-09
       3778.9710   5.1388000e-09
       3781.7200   5.7580000e-09
       3784.4700   6.0507000e-09
       3787.2190   5.9548000e-09
       3789.9690   5.5114000e-09
       3792.7180   4.7579000e-09
       3795.4670   3.8674000e-09
       3798.2170   3.2891000e-09
       3800.9660   3.5983000e-09
       3803.7160   4.4648000e-09
       3806.4650   5.3534000e-09
       3809.2150   6.1461000e-09
       3811.9640   6.7242000e-09
       3814.7130   6.9994000e-09
       3817.4630   7.1859000e-09
       3820.2120   7.0859000e-09
       3822.9620   6.7504000e-09
       3825.7110   6.1608000e-09
       3828.4610   5.3716000e-09
       3831.2100   4.4597000e-09
       3833.9600   3.6097000e-09
       3836.7090   3.2996000e-09
       3839.4590   3.8599000e-09
       3842.2080   4.8056000e-09
       3844.9580   5.7589000e-09
       3847.7070   6.5570000e-09
       3850.4570   7.1690000e-09
       3853.2060   7.6239000e-09
       3855.9560   7.8828000e-09
       3858.7050   8.0825000e-09
       3861.4550   8.1891000e-09
       3864.2040   8.2347000e-09
       3866.9540   8.2068000e-09
       3869.7030   8.0709000e-09
       3872.4530   7.7682000e-09
       3875.2030   7.3349000e-09
       3877.9520   6.7366000e-09
       3880.7020   5.9730000e-09
       3883.4510   5.0974000e-09
       3886.2010   4.1419000e-09
       3888.9500   3.4352000e-09
       3891.7000   3.5775000e-09
       3894.4490   4.3657000e-09
       3897.1990   5.2780000e-09
       3899.9490   6.0953000e-09
       3902.6980   6.8104000e-09
       3905.4480   7.3951000e-09
       3908.1970   7.8584000e-09
       3910.9470   8.1767000e-09
       3913.6970   8.3350000e-09
       3916.4460   8.4907000e-09
       3919.1960   8.6355000e-09
       3921.9450   8.6993000e-09
       3924.6950   8.7491000e-09
       3927.4450   8.7228000e-09
       3930.1940   8.5215000e-09
       3932.9440   8.0609000e-09
       3935.6930   8.0008000e-09
       3938.4430   8.3972000e-09
       3941.1920   8.5202000e-09
       3943.9420   8.4261000e-09
       3946.6920   8.2595000e-09
       3949.4410   8.0466000e-09
       3952.1910   7.7522000e-09
       3954.9400   7.3427000e-09
       3957.6900   6.8056000e-09
       3960.4400   6.1363000e-09
       3963.1890   5.3437000e-09
       3965.9390   4.4484000e-09
       3968.6890   3.5740000e-09
       3971.4380   3.3104000e-09
       3974.1880   3.8601000e-09
       3976.9380   4.7415000e-09
       3979.6870   5.5706000e-09
       3982.4370   6.3040000e-09
       3985.1860   6.8942000e-09
       3987.9360   7.3401000e-09
       3990.6860   7.7174000e-09
       3993.4350   7.9983000e-09
       3996.1850   8.1556000e-09
       3998.9350   8.2965000e-09
       4001.6840   8.3966000e-09
       4004.4340   8.4669000e-09
       4007.1830   8.5252000e-09
       4009.9330   8.5803000e-09
       4012.6830   8.5967000e-09
       4015.4320   8.5933000e-09
       4018.1820   8.6452000e-09
       4020.9310   8.6389000e-09
       4023.6810   8.6171000e-09
       4026.4310   8.5956000e-09
       4029.1800   8.5813000e-09
       4031.9300   8.6016000e-09
       4034.6800   8.6117000e-09
       4037.4290   8.6328000e-09
       4040.1790   8.5964000e-09
       4042.9280   8.5351000e-09
       4045.6780   8.4904000e-09
       4048.4280   8.4781000e-09
       4051.1770   8.4726000e-09
       4053.9270   8.4324000e-09
       4056.6770   8.3805000e-09
       4059.4260   8.3092000e-09
       4062.1760   8.2198000e-09
       4064.9250   8.1828000e-09
       4067.6750   8.1371000e-09
       4070.4250   8.0214000e-09
       4073.1740   7.9189000e-09
       4075.9240   7.8089000e-09
       4078.6740   7.6475000e-09
       4081.4230   7.4481000e-09
       4084.1730   7.1548000e-09
       4086.9220   6.7591000e-09
       4089.6720   6.2704000e-09
       4092.4210   5.6614000e-09
       4095.1710   4.9482000e-09
       4097.9210   4.1289000e-09
       4100.6700   3.4072000e-09
       4103.4200   3.2634000e-09
       4106.1690   3.8082000e-09
       4108.9190   4.5398000e-09
       4111.6680   5.2562000e-09
       4114.4180   5.8679000e-09
       4117.1680   6.3581000e-09
       4119.9170   6.7526000e-09
       4122.6670   7.0641000e-09
       4125.4170   7.2839000e-09
       4128.1660   7.4087000e-09
       4130.9160   7.5371000e-09
       4133.6650   7.6621000e-09
       4136.4150   7.7967000e-09
       4139.1650   7.8565000e-09
       4141.9140   7.9092000e-09
       4144.6640   7.9039000e-09
       4147.4130   7.9453000e-09
       4150.1630   7.9496000e-09
       4152.9120   7.9589000e-09
       4155.6620   7.9578000e-09
       4158.4110   7.9881000e-09
       4161.1610   7.9776000e-09
       4163.9100   7.9197000e-09
       4166.6600   7.9333000e-09
       4169.4090   7.9288000e-09
       4172.1590   7.8842000e-09
       4174.9080   7.8382000e-09
       4177.6580   7.8307000e-09
       4180.4070   7.8495000e-09
       4183.1570   7.8701000e-09
       4185.9060   7.8904000e-09
       4188.6560   7.8885000e-09
       4191.4050   7.8758000e-09
       4194.1550   7.8595000e-09
       4196.9040   7.8302000e-09
       4199.6540   7.8121000e-09
       4200.5430   7.7696050e-09
       4204.7540   7.7751430e-09
       4208.9690   7.7957130e-09
       4213.1890   7.7632760e-09
       4217.4130   7.7134360e-09
       4221.6400   7.6912840e-09
       4225.8730   7.6295770e-09
       4230.1090   7.5749900e-09
       4234.3500   7.5457180e-09
       4238.5950   7.5631230e-09
       4242.8440   7.5512560e-09
       4247.0970   7.5014150e-09
       4251.3550   7.4832190e-09
       4255.6170   7.4919220e-09
       4259.8830   7.4642330e-09
       4264.1540   7.4539480e-09
       4268.4290   7.4278410e-09
       4272.7080   7.3487290e-09
       4276.9910   7.3511020e-09
       4281.2790   7.3605960e-09
       4285.5710   7.3186660e-09
       4289.8670   7.2443010e-09
       4294.1680   7.1620240e-09
       4298.4730   7.0678810e-09
       4302.7820   6.9626620e-09
       4307.0950   6.8875050e-09
       4311.4130   6.7807040e-09
       4315.7350   6.6019100e-09
       4320.0620   6.3447950e-09
       4324.3930   5.9041410e-09
       4328.7280   5.2522560e-09
       4333.0670   4.3662000e-09
       4337.4120   3.2997680e-09
       4341.7600   2.7404450e-09
       4346.1120   3.3227110e-09
       4350.4690   4.3551250e-09
       4354.8310   5.2301050e-09
       4359.1960   5.8669580e-09
       4363.5660   6.2648920e-09
       4367.9410   6.4927350e-09
       4372.3200   6.6240610e-09
       4376.7030   6.7071290e-09
       4381.0910   6.7166230e-09
       4385.4830   6.6707380e-09
       4389.8790   6.7150410e-09
       4394.2800   6.7490590e-09
       4398.6860   6.7585520e-09
       4403.0950   6.7625070e-09
       4407.5090   6.7672540e-09
       4411.9280   6.7585520e-09
       4416.3510   6.7008000e-09
       4420.7780   6.7126670e-09
       4425.2100   6.7498500e-09
       4429.6460   6.7356090e-09
       4434.0870   6.7110850e-09
       4438.5320   6.6936800e-09
       4442.9820   6.6509590e-09
       4447.4360   6.6280170e-09
       4451.8950   6.6288080e-09
       4456.3570   6.6201060e-09
       4460.8250   6.6058660e-09
       4465.2970   6.5647270e-09
       4469.7730   6.5046020e-09
       4474.2540   6.4887800e-09
       4478.7400   6.4152050e-09
       4483.2290   6.3416310e-09
       4487.7240   6.4167880e-09
       4492.2230   6.4405210e-09
       4496.7270   6.4444770e-09
       4501.2340   6.4246990e-09
       4505.7470   6.3962180e-09
       4510.2640   6.3709020e-09
       4514.7860   6.3487510e-09
       4519.3120   6.3107770e-09
       4523.8420   6.2838790e-09
       4528.3770   6.2933720e-09
       4532.9170   6.2751770e-09
       4537.4610   6.2617280e-09
       4542.0100   6.2530250e-09
       4546.5630   6.1921090e-09
       4551.1220   6.1161610e-09
       4555.6840   6.1082500e-09
       4560.2510   6.1288190e-09
       4564.8230   6.1557170e-09
       4569.3990   6.1525530e-09
       4573.9800   6.1185350e-09
       4578.5650   6.0868900e-09
       4583.1550   6.0330940e-09
       4587.7500   6.0164800e-09
       4592.3490   6.0457510e-09
       4596.9530   6.0639470e-09
       4601.5620   6.0623650e-09
       4606.1750   6.0497070e-09
       4610.7920   6.0299290e-09
       4615.4150   5.9895820e-09
       4620.0420   5.9444880e-09
       4624.6730   5.9310390e-09
       4629.3100   5.9001850e-09
       4633.9500   5.8764510e-09
       4638.5960   5.8875270e-09
       4643.2460   5.8993940e-09
       4647.9010   5.8867360e-09
       4652.5610   5.8669580e-09
       4657.2250   5.8455980e-09
       4661.8940   5.8250280e-09
       4666.5670   5.7981300e-09
       4671.2450   5.7823080e-09
       4675.9280   5.7799350e-09
       4680.6160   5.7704410e-09
       4685.3080   5.7538280e-09
       4690.0050   5.7340500e-09
       4694.7070   5.7166450e-09
       4699.4130   5.6968670e-09
       4704.1250   5.6731330e-09
       4708.8400   5.6581020e-09
       4713.5610   5.6406970e-09
       4718.2860   5.6209190e-09
       4723.0170   5.6066790e-09
       4727.7510   5.5869010e-09
       4732.4910   5.5600030e-09
       4737.2350   5.5449720e-09
       4741.9840   5.5354780e-09
       4746.7380   5.5228200e-09
       4751.4970   5.5077890e-09
       4756.2600   5.4895930e-09
       4761.0280   5.4682330e-09
       4765.8010   5.4460810e-09
       4770.5790   5.4286770e-09
       4775.3610   5.4104810e-09
       4780.1480   5.3883290e-09
       4784.9410   5.3677600e-09
       4789.7370   5.3464000e-09
       4794.5400   5.3226660e-09
       4799.3460   5.2926040e-09
       4804.1570   5.2570030e-09
       4808.9740   5.2237760e-09
       4813.7940   5.1865930e-09
       4818.6200   5.1351710e-09
       4823.4510   5.0615960e-09
       4828.2870   4.9761550e-09
       4833.1270   4.8646070e-09
       4837.9720   4.6897690e-09
       4842.8220   4.4231610e-09
       4847.6770   4.0236450e-09
       4852.5370   3.4579930e-09
       4857.4010   2.7491480e-09
       4862.2710   2.2982080e-09
       4867.1460   2.6273150e-09
       4872.0250   3.3203380e-09
       4876.9090   3.8907360e-09
       4881.7980   4.2847150e-09
       4886.6920   4.5315440e-09
       4891.5910   4.6771110e-09
       4896.4950   4.7775840e-09
       4901.4030   4.8432470e-09
       4906.3170   4.8756830e-09
       4911.2360   4.8891320e-09
       4916.1590   4.8835940e-09
       4921.0880   4.8472020e-09
       4926.0210   4.8385000e-09
       4930.9590   4.8772650e-09
       4935.9030   4.8891320e-09
       4940.8510   4.8859670e-09
       4945.8050   4.8780560e-09
       4950.7630   4.8614420e-09
       4955.7260   4.8345440e-09
       4960.6940   4.8210950e-09
       4965.6670   4.8266330e-09
       4970.6450   4.8195130e-09
       4975.6280   4.8052730e-09
       4980.6160   4.7839120e-09
       4985.6090   4.7649250e-09
       4990.6070   4.7538500e-09
       4995.6100   4.7404010e-09
       5000.6190   4.7158760e-09
       5005.6320   4.6945160e-09
       5010.6500   4.6873960e-09
       5015.6730   4.6494220e-09
       5020.7010   4.6138210e-09
       5025.7340   4.6383460e-09
       5030.7720   4.6446750e-09
       5035.8160   4.6248970e-09
       5040.8650   4.6003720e-09
       5045.9180   4.5956260e-09
       5050.9770   4.5869230e-09
       5056.0400   4.5592340e-09
       5061.1090   4.5552780e-09
       5066.1830   4.5568610e-09
       5071.2610   4.5434110e-09
       5076.3450   4.5291710e-09
       5081.4350   4.5188870e-09
       5086.5290   4.5078110e-09
       5091.6280   4.4935710e-09
       5096.7320   4.4730020e-09
       5101.8420   4.4548060e-09
       5106.9560   4.4508500e-09
       5112.0760   4.4437300e-09
       5117.2010   4.4302810e-09
       5122.3310   4.4144590e-09
       5127.4660   4.3970540e-09
       5132.6060   4.3796500e-09
       5137.7510   4.3638270e-09
       5142.9020   4.3472130e-09
       5148.0580   4.3353460e-09
       5153.2190   4.3274350e-09
       5158.3850   4.3155680e-09
       5163.5570   4.2768030e-09
       5168.7330   4.2040200e-09
       5173.9150   4.1953180e-09
       5179.1020   4.2277540e-09
       5184.2930   4.2103490e-09
       5189.4910   4.2032290e-09
       5194.6930   4.1984820e-09
       5199.9010   4.1874070e-09
       5205.1130   4.1913620e-09
       5210.3320   4.1866150e-09
       5215.5560   4.1731670e-09
       5220.7840   4.1581350e-09
       5226.0180   4.1304460e-09
       5231.2570   4.0988010e-09
       5236.5010   4.0853520e-09
       5241.7500   4.1011750e-09
       5247.0060   4.1051300e-09
       5252.2660   4.0893080e-09
       5257.5310   4.0687390e-09
       5262.8020   4.0450050e-09
       5268.0780   4.0228540e-09
       5273.3590   4.0007020e-09
       5278.6460   3.9935820e-09
       5283.9380   4.0038670e-09
       5289.2340   4.0070310e-09
       5294.5370   4.0014930e-09
       5299.8450   3.9888350e-09
       5305.1580   3.9730130e-09
       5310.4760   3.9500700e-09
       5315.8000   3.9128870e-09
       5321.1290   3.9018120e-09
       5326.4640   3.9018120e-09
       5331.8040   3.8907360e-09
       5337.1480   3.8844070e-09
       5342.4990   3.8828250e-09
       5347.8550   3.8820340e-09
       5353.2160   3.8741230e-09
       5358.5830   3.8575090e-09
       5363.9550   3.8321930e-09
       5369.3320   3.8195350e-09
       5374.7150   3.8163710e-09
       5380.1030   3.8084590e-09
       5385.4970   3.7958010e-09
       5390.8960   3.7863080e-09
       5396.3000   3.7720680e-09
       5401.7090   3.7499160e-09
       5407.1250   3.7356760e-09
       5412.5460   3.7317210e-09
       5417.9720   3.7246010e-09
       5423.4030   3.7127340e-09
       5428.8400   3.6992850e-09
       5434.2830   3.6921650e-09
       5439.7300   3.6874180e-09
       5445.1840   3.6771330e-09
       5450.6430   3.6652670e-09
       5456.1070   3.6526080e-09
       5461.5770   3.6423240e-09
       5467.0520   3.6320390e-09
       5472.5320   3.6225460e-09
       5478.0190   3.6098880e-09
       5483.5110   3.5996040e-09
       5489.0080   3.5893190e-09
       5494.5110   3.5790340e-09
       5500.0190   3.5687500e-09
       5505.5330   3.5553000e-09
       5511.0520   3.5458070e-09
       5516.5770   3.5402690e-09
       5522.1070   3.5284020e-09
       5527.6430   3.5086250e-09
       5533.1840   3.4951750e-09
       5538.7310   3.4904290e-09
       5544.2840   3.4848910e-09
       5549.8420   3.4746060e-09
       5555.4060   3.4643210e-09
       5560.9760   3.4540370e-09
       5566.5500   3.4421700e-09
       5572.1310   3.4303030e-09
       5577.7170   3.4208100e-09
       5583.3080   3.4105250e-09
       5588.9060   3.3986580e-09
       5594.5090   3.3907470e-09
       5600.1170   3.3828360e-09
       5605.7310   3.3733430e-09
       5611.3510   3.3622670e-09
       5616.9770   3.3496090e-09
       5622.6070   3.3409070e-09
       5628.2440   3.3322040e-09
       5633.8860   3.3235020e-09
       5639.5340   3.3132170e-09
       5645.1880   3.3021420e-09
       5650.8470   3.2918570e-09
       5656.5130   3.2791990e-09
       5662.1830   3.2681230e-09
       5667.8590   3.2610030e-09
       5673.5410   3.2530920e-09
       5679.2290   3.2435990e-09
       5684.9220   3.2333140e-09
       5690.6210   3.2230290e-09
       5696.3260   3.2143270e-09
       5702.0370   3.2048340e-09
       5707.7530   3.1945490e-09
       5713.4760   3.1850560e-09
       5719.2030   3.1763530e-09
       5724.9370   3.1668600e-09
       5730.6760   3.1573660e-09
       5736.4210   3.1478730e-09
       5742.1720   3.1383800e-09
       5747.9280   3.1280950e-09
       5753.6900   3.1178100e-09
       5759.4580   3.1091080e-09
       5765.2320   3.0996150e-09
       5771.0120   3.0909120e-09
       5776.7970   3.0806280e-09
       5782.5880   3.0703430e-09
       5788.3860   3.0616410e-09
       5794.1890   3.0529380e-09
       5799.9980   3.0434450e-09
       5805.8120   3.0347420e-09
       5811.6320   3.0252490e-09
       5817.4580   3.0157560e-09
       5823.2910   3.0070530e-09
       5829.1280   2.9983510e-09
       5834.9720   2.9888580e-09
       5840.8210   2.9801550e-09
       5846.6770   2.9714530e-09
       5852.5390   2.9619590e-09
       5858.4050   2.9516750e-09
       5864.2780   2.9429730e-09
       5870.1570   2.9326880e-09
       5876.0420   2.9208210e-09
       5881.9330   2.9105360e-09
       5887.8300   2.8915490e-09
       5893.7320   2.8733540e-09
       5899.6410   2.8733540e-09
       5905.5550   2.8773090e-09
       5911.4750   2.8717710e-09
       5917.4020   2.8638600e-09
       5923.3340   2.8551580e-09
       5929.2720   2.8464560e-09
       5935.2160   2.8377530e-09
       5941.1670   2.8298420e-09
       5947.1220   2.8203490e-09
       5953.0840   2.8092730e-09
       5959.0520   2.7989880e-09
       5965.0260   2.7918680e-09
       5971.0060   2.7847480e-09
       5976.9920   2.7744640e-09
       5982.9840   2.7649700e-09
       5988.9820   2.7586410e-09
       5994.9860   2.7507300e-09
       6000.9960   2.7436100e-09
       6007.0120   2.7349070e-09
       6013.0340   2.7246230e-09
       6019.0620   2.7167120e-09
       6025.0960   2.7095920e-09
       6031.1360   2.7024720e-09
       6037.1830   2.6945600e-09
       6043.2350   2.6858580e-09
       6049.2930   2.6771560e-09
       6055.3570   2.6692440e-09
       6061.4280   2.6613330e-09
       6067.5040   2.6534220e-09
       6073.5870   2.6455110e-09
       6079.6760   2.6368080e-09
       6085.7710   2.6288970e-09
       6091.8720   2.6209860e-09
       6097.9790   2.6130750e-09
       6104.0920   2.6043720e-09
       6110.2120   2.5964610e-09
       6116.3370   2.5885500e-09
       6122.4690   2.5806390e-09
       6128.6060   2.5719360e-09
       6134.7500   2.5640250e-09
       6140.9000   2.5545320e-09
       6147.0570   2.5410830e-09
       6153.2190   2.5260510e-09
       6159.3880   2.5149760e-09
       6165.5620   2.5173490e-09
       6171.7440   2.5165580e-09
       6177.9310   2.5094380e-09
       6184.1240   2.5031090e-09
       6190.3230   2.4959890e-09
       6196.5290   2.4880780e-09
       6202.7420   2.4801660e-09
       6208.9600   2.4730460e-09
       6215.1850   2.4651350e-09
       6221.4150   2.4580150e-09
       6227.6520   2.4493130e-09
       6233.8960   2.4382370e-09
       6240.1450   2.4263700e-09
       6246.4010   2.4160860e-09
       6252.6620   2.4121300e-09
       6258.9310   2.4105480e-09
       6265.2060   2.4050100e-09
       6271.4860   2.3978900e-09
       6277.7730   2.3907700e-09
       6284.0670   2.3836500e-09
       6290.3670   2.3757380e-09
       6296.6730   2.3678270e-09
       6302.9850   2.3599160e-09
       6309.3040   2.3520050e-09
       6315.6290   2.3440930e-09
       6321.9600   2.3361820e-09
       6328.2980   2.3306440e-09
       6334.6430   2.3227330e-09
       6340.9930   2.3092840e-09
       6347.3500   2.2910880e-09
       6353.7130   2.2895060e-09
       6360.0830   2.2926700e-09
       6366.4590   2.2815950e-09
       6372.8410   2.2673550e-09
       6379.2290   2.2657720e-09
       6385.6250   2.2641900e-09
       6392.0260   2.2586520e-09
       6398.4350   2.2515320e-09
       6404.8490   2.2436210e-09
       6411.2700   2.2357100e-09
       6417.6970   2.2270070e-09
       6424.1310   2.2206780e-09
       6430.5710   2.2143490e-09
       6437.0180   2.2064380e-09
       6443.4710   2.1985270e-09
       6449.9310   2.1882420e-09
       6456.3960   2.1740020e-09
       6462.8690   2.1700470e-09
       6469.3480   2.1684640e-09
       6475.8340   2.1613440e-09
       6482.3250   2.1518510e-09
       6488.8240   2.1407750e-09
       6495.3290   2.1297000e-09
       6501.8410   2.1194150e-09
       6508.3590   2.1067570e-09
       6514.8830   2.0885610e-09
       6521.4150   2.0664100e-09
       6527.9520   2.0371380e-09
       6534.4970   1.9912530e-09
       6541.0470   1.9168880e-09
       6547.6050   1.7934730e-09
       6554.1690   1.5925280e-09
       6560.7400   1.3520270e-09
       6567.3170   1.3203820e-09
       6573.9000   1.5387320e-09
       6580.4910   1.7444230e-09
       6587.0870   1.8654650e-09
       6593.6910   1.9319190e-09
       6600.3020   1.9683110e-09
       6606.9180   1.9872970e-09
       6613.5420   1.9967910e-09
       6620.1710   2.0007470e-09
       6626.8090   2.0015380e-09
       6633.4520   1.9999560e-09
       6640.1020   1.9975820e-09
       6646.7580   1.9936270e-09
       6653.4220   1.9888800e-09
       6660.0920   1.9841330e-09
       6666.7690   1.9793860e-09
       6673.4520   1.9738480e-09
       6680.1420   1.9683110e-09
       6686.8390   1.9635640e-09
       6693.5430   1.9588170e-09
       6700.2530   1.9532790e-09
       6706.9700   1.9477420e-09
       6713.6940   1.9414120e-09
       6720.4240   1.9350830e-09
       6727.1620   1.9279630e-09
       6733.9060   1.9232170e-09
       6740.6560   1.9184700e-09
       6747.4140   1.9121410e-09
       6754.1780   1.9066030e-09
       6760.9490   1.9002740e-09
       6767.7270   1.8955280e-09
       6774.5120   1.8891980e-09
       6781.3030   1.8836610e-09
       6788.1010   1.8781230e-09
       6794.9070   1.8717940e-09
       6801.7180   1.8662560e-09
       6808.5370   1.8607180e-09
       6815.3620   1.8551800e-09
       6822.1950   1.8488510e-09
       6829.0340   1.8425220e-09
       6835.8810   1.8369840e-09
       6842.7340   1.8322380e-09
       6849.5940   1.8259090e-09
       6856.4600   1.8203710e-09
       6863.3340   1.8140420e-09
       6870.2140   1.8092950e-09
       6877.1020   1.8037570e-09
       6883.9960   1.7982190e-09
       6890.8970   1.7926820e-09
       6897.8050   1.7871440e-09
       6904.7210   1.7816060e-09
       6911.6430   1.7760680e-09
       6918.5710   1.7705300e-09
       6925.5070   1.7642010e-09
       6932.4500   1.7594540e-09
       6939.3990   1.7539170e-09
       6946.3560   1.7483790e-09
       6953.3200   1.7428410e-09
       6960.2910   1.7373030e-09
       6967.2690   1.7317650e-09
       6974.2530   1.7270190e-09
       6981.2450   1.7214810e-09
       6988.2430   1.7159430e-09
       6995.2500   1.7104050e-09
       7002.2620   1.7032850e-09
       7009.2820   1.6985380e-09
       7016.3090   1.6937910e-09
       7023.3430   1.6882540e-09
       7030.3830   1.6835070e-09
       7037.4320   1.6787600e-09
       7044.4870   1.6732220e-09
       7051.5480   1.6684750e-09
       7058.6180   1.6629380e-09
       7065.6940   1.6581910e-09
       7072.7780   1.6526530e-09
       7079.8680   1.6479060e-09
       7086.9650   1.6431600e-09
       7094.0700   1.6376220e-09
       7101.1820   1.6320840e-09
       7108.3010   1.6233820e-09
       7115.4270   1.6138880e-09
       7122.5610   1.6115150e-09
       7129.7000   1.6107240e-09
       7136.8480   1.6067680e-09
       7144.0030   1.6012300e-09
       7151.1650   1.5964830e-09
       7158.3340   1.5909460e-09
       7165.5100   1.5861990e-09
       7172.6930   1.5814520e-09
       7179.8840   1.5767050e-09
       7187.0820   1.5711680e-09
       7194.2870   1.5664210e-09
       7201.4990   1.5624650e-09
       7208.7190   1.5569270e-09
       7215.9450   1.5521810e-09
       7223.1790   1.5466430e-09
       7230.4200   1.5418960e-09
       7237.6690   1.5379400e-09
       7244.9250   1.5324030e-09
       7252.1880   1.5276560e-09
       7259.4580   1.5229090e-09
       7266.7360   1.5181620e-09
       7274.0210   1.5142070e-09
       7281.3130   1.5086690e-09
       7288.6130   1.5039220e-09
       7295.9200   1.4991750e-09
       7303.2330   1.4944290e-09
       7310.5560   1.4888910e-09
       7317.8840   1.4849350e-09
       7325.2200   1.4801890e-09
       7332.5630   1.4762330e-09
       7339.9150   1.4722770e-09
       7347.2730   1.4675310e-09
       7354.6390   1.4627840e-09
       7362.0120   1.4580370e-09
       7369.3920   1.4532900e-09
       7376.7800   1.4493350e-09
       7384.1750   1.4437970e-09
       7391.5780   1.4390500e-09
       7398.9880   1.4350950e-09
       7406.4050   1.4303480e-09
       7413.8300   1.4256010e-09
       7421.2630   1.4200630e-09
       7428.7020   1.4161080e-09
       7436.1500   1.4121520e-09
       7443.6040   1.4066140e-09
       7451.0670   1.4026590e-09
       7458.5360   1.3979120e-09
       7466.0140   1.3923740e-09
       7473.4990   1.3868360e-09
       7480.9910   1.3828810e-09
       7488.4900   1.3797160e-09
       7495.9970   1.3765520e-09
       7503.5120   1.3725960e-09
       7511.0350   1.3678490e-09
       7518.5640   1.3631030e-09
       7526.1020   1.3591470e-09
       7533.6460   1.3559820e-09
       7541.1990   1.3520270e-09
       7548.7590   1.3472800e-09
       7556.3270   1.3433250e-09
       7563.9020   1.3393690e-09
       7571.4850   1.3346220e-09
       7579.0750   1.3306670e-09
       7586.6730   1.3259200e-09
       7594.2780   1.3219640e-09
       7601.8920   1.3180090e-09
       7609.5130   1.3140530e-09
       7617.1420   1.3093060e-09
       7624.7780   1.3053510e-09
       7632.4220   1.3013950e-09
       7640.0730   1.2974390e-09
       7647.7320   1.2926930e-09
       7655.3990   1.2887370e-09
       7663.0740   1.2839900e-09
       7670.7560   1.2800350e-09
       7678.4460   1.2768700e-09
       7686.1440   1.2729150e-09
       7693.8490   1.2681680e-09
       7701.5620   1.2642120e-09
       7709.2830   1.2594660e-09
       7717.0110   1.2555100e-09
       7724.7480   1.2523460e-09
       7732.4920   1.2491810e-09
       7740.2440   1.2452250e-09
       7748.0030   1.2404790e-09
       7755.7710   1.2365230e-09
       7763.5450   1.2286120e-09
       7771.3290   1.2096250e-09
       7779.1190   1.2032960e-09
       7786.9180   1.2151630e-09
       7794.7250   1.2167450e-09
       7802.5390   1.2135810e-09
       7810.3610   1.2096250e-09
       7818.1910   1.2064600e-09
       7826.0280   1.2017140e-09
       7833.8740   1.1977580e-09
       7841.7280   1.1938030e-09
       7849.5890   1.1898470e-09
       7857.4580   1.1858910e-09
       7865.3350   1.1819360e-09
       7873.2200   1.1771890e-09
       7881.1130   1.1716510e-09
       7889.0140   1.1684870e-09
       7896.9230   1.1621580e-09
       7904.8390   1.1605750e-09
       7912.7640   1.1597840e-09
       7920.6960   1.1566200e-09
       7928.6370   1.1534550e-09
       7936.5860   1.1487090e-09
       7944.5420   1.1439620e-09
       7952.5060   1.1392150e-09
       7960.4790   1.1376330e-09
       7968.4590   1.1352600e-09
       7976.4480   1.1297220e-09
       7984.4440   1.1233930e-09
       7992.4480   1.1178550e-09
       8000.4610   1.1170640e-09
       8008.4810   1.1162730e-09
       8016.5090   1.1131080e-09
       8024.5460   1.1099440e-09
       8032.5910   1.1067790e-09
       8040.6440   1.1028230e-09
       8048.7040   1.0996590e-09
       8056.7730   1.0957030e-09
       8064.8500   1.0925390e-09
       8072.9350   1.0893740e-09
       8081.0280   1.0854190e-09
       8089.1300   1.0822540e-09
       8097.2390   1.0790900e-09
       8105.3560   1.0751340e-09
       8113.4820   1.0719700e-09
       8121.6160   1.0688050e-09
       8129.7580   1.0648500e-09
       8137.9080   1.0616850e-09
       8146.0660   1.0585210e-09
       8154.2320   1.0553560e-09
       8162.4070   1.0514010e-09
       8170.5900   1.0482360e-09
       8178.7810   1.0442810e-09
       8186.9800   1.0395340e-09
       8195.1880   1.0347870e-09
       8203.4030   1.0316230e-09
       8211.6270   1.0276670e-09
       8219.8590   1.0245020e-09
       8228.1000   1.0213380e-09
       8236.3490   1.0189650e-09
       8244.6050   1.0158000e-09
       8252.8700   1.0134270e-09
       8261.1450   1.0126360e-09
       8269.4260   1.0110530e-09
       8277.7160   1.0078890e-09
       8286.0150   1.0047240e-09
       8294.3210   1.0015600e-09
       8302.6360   9.9918660e-10
       8310.9590   9.9681330e-10
       8319.2910   9.9364870e-10
       8327.6320   9.8890210e-10
       8335.9800   9.8415530e-10
       8344.3370   9.8257300e-10
       8352.7020   9.8099080e-10
       8361.0750   9.7861740e-10
       8369.4570   9.7545290e-10
       8377.8480   9.7228850e-10
       8386.2470   9.6833290e-10
       8394.6540   9.6516840e-10
       8403.0690   9.6200390e-10
       8411.4930   9.5725720e-10
       8419.9260   9.5409270e-10
       8428.3670   9.5013710e-10
       8436.8170   9.4064360e-10
       8445.2740   9.3194130e-10
       8453.7410   9.3352350e-10
       8462.2160   9.2877680e-10
       8470.6990   9.2165670e-10
       8479.1910   9.2877680e-10
       8487.6910   9.2956790e-10
       8496.2000   9.0504320e-10
       8504.7180   8.8684730e-10
       8513.2440   9.0504320e-10
       8521.7780   9.2482120e-10
       8530.3210   9.1770110e-10
       8538.8730   8.7498050e-10
       8547.4340   8.4254450e-10
       8556.0020   8.7260720e-10
       8564.5790   9.1374550e-10
       8573.1660   9.2640340e-10
       8581.7600   9.0978990e-10
       8590.3630   8.5678470e-10
       8598.9760   8.0377960e-10
       8607.5960   8.2672210e-10
       8616.2250   8.8763850e-10
       8624.8620   9.2323890e-10
       8633.5100   9.3194130e-10
       8642.1640   9.2007450e-10
       8650.8280   8.7418940e-10
       8659.5010   7.9048870e-10
       8668.1820   7.4452460e-10
       8676.8710   8.0140620e-10
       8685.5700   8.7735390e-10
       8694.2770   9.2165670e-10
       8702.9940   9.3985250e-10
       8711.7180   9.4301700e-10
       8720.4510   9.3115020e-10
       8729.1930   8.9871420e-10
       8737.9450   8.3067770e-10
       8746.7050   7.3780000e-10
       8755.4740   7.1161390e-10
       8764.2510   7.8629580e-10
       8773.0370   8.6786050e-10
       8781.8320   9.1532770e-10
       8790.6360   9.3985250e-10
       8799.4480   9.4934590e-10
       8808.2700   9.4934590e-10
       8817.1010   9.4459920e-10
       8825.9390   9.3035900e-10
       8834.7870   9.0346090e-10
       8843.6450   8.5203800e-10
       8852.5100   7.6984050e-10
       8861.3850   6.8503220e-10
       8870.2680   6.9096560e-10
       8879.1610   7.7577390e-10
       8888.0620   8.4887350e-10
       8896.9720   8.9159410e-10
       8905.8920   9.1216320e-10
       8914.8200   9.2086560e-10
       8923.7570   9.2403010e-10
       8932.7030   9.2561230e-10
       8941.6580   9.2719450e-10
       8950.6220   9.2403010e-10
       8959.5950   9.1690990e-10
       8968.5760   9.0504320e-10
       8977.5670   8.8684730e-10
       8986.5680   8.5678470e-10
       8995.5770   8.0694410e-10
       9004.5960   7.2791100e-10
       9013.6220   6.4761220e-10
       9022.6580   6.5496960e-10
       9031.7030   7.3621780e-10
       9040.7580   8.0457070e-10
       9049.8210   8.4254450e-10
       9058.8940   8.5757580e-10
       9067.9760   8.6627820e-10
       9077.0660   8.7339830e-10
       9086.1660   8.7260720e-10
       9095.2740   8.7102490e-10
       9104.3930   8.7339830e-10
       9113.5200   8.7339830e-10
       9122.6560   8.7339830e-10
       9131.8020   8.7260720e-10
       9140.9560   8.7023380e-10
       9150.1200   8.6627820e-10
       9159.2930   8.6074030e-10
       9168.4760   8.5282910e-10
       9177.6670   8.4175340e-10
       9186.8670   8.2830440e-10
       9196.0770   8.0694410e-10
       9205.2960   7.6984050e-10
       9214.5240   7.0773740e-10
       9223.7620   6.2672660e-10
       9233.0090   5.9255010e-10
       9242.2650   6.4808690e-10
       9251.5300   7.1857580e-10
       9260.8050   7.5765720e-10
       9270.0890   7.8257750e-10
       9279.3830   8.0457070e-10
       9288.6850   8.1327300e-10
       9297.9970   8.1643750e-10
       9307.3180   8.1722860e-10
       9316.6480   8.1643750e-10
       9325.9880   8.1485530e-10
       9335.3380   8.1327300e-10
       9344.6960   8.1169080e-10
       9354.0640   8.0931740e-10
       9363.4420   8.0694410e-10
       9372.8290   8.0457070e-10
       9382.2260   8.0061510e-10
       9391.6310   7.9507720e-10
       9401.0460   7.8946030e-10
       9410.4710   7.8439710e-10
       9419.9040   7.8518820e-10
       9429.3480   7.8542560e-10
       9438.8010   7.8289400e-10
       9448.2640   7.7965030e-10
       9457.7350   7.7585300e-10
       9467.2170   7.7134360e-10
       9476.7080   7.6612220e-10
       9486.2080   7.5923940e-10
       9495.7180   7.5006240e-10
       9505.2370   7.3629690e-10
       9514.7670   7.1446190e-10
       9524.3050   6.7822860e-10
       9533.8540   6.1889440e-10
       9543.4100   5.5109530e-10
       9552.9780   5.4571570e-10
       9562.5550   6.0758140e-10
       9572.1420   6.6414660e-10
       9581.7370   6.9666170e-10
       9591.3440   7.1351260e-10
       9600.9590   7.2087000e-10
       9610.5840   7.2403450e-10
       9620.2180   7.2403450e-10
       9629.8620   7.2355980e-10
       9639.5170   7.2474650e-10
       9649.1810   7.2387630e-10
       9658.8540   7.1999980e-10
       9668.5360   7.1960420e-10
       9678.2290   7.1976250e-10
       9687.9320   7.1794290e-10
       9697.6440   7.1596510e-10
       9707.3650   7.1414550e-10
       9717.0980   7.1193030e-10
       9726.8380   7.0947790e-10
       9736.5900   7.0686720e-10
       9746.3510   7.0449380e-10
       9756.1210   7.0235780e-10
       9765.9020   7.0014270e-10
       9775.6920   6.9769020e-10
       9785.4920   6.9523770e-10
       9795.3030   6.9286430e-10
       9805.1220   6.9041180e-10
       9814.9520   6.8780110e-10
       9824.7910   6.8503220e-10
       9834.6410   6.8273800e-10
       9844.5000   6.8028550e-10
       9854.3690   6.7704190e-10
       9864.2480   6.7451030e-10
       9874.1370   6.7276980e-10
       9884.0350   6.6944710e-10
       9893.9440   6.6557060e-10
       9903.8630   6.6446300e-10
       9913.7920   6.6280170e-10
       9923.7300   6.5987450e-10
       9933.6800   6.5655180e-10
       9943.6380   6.5402020e-10
       9953.6050   6.5140950e-10
       9963.5850   6.4808690e-10
       9973.5730   6.4397300e-10
       9983.5720   6.3875160e-10
       9993.5800   6.3155240e-10
       10003.600   6.2174250e-10
       10013.630   6.0734410e-10
       10023.670   5.8313580e-10
       10033.710   5.4207660e-10
       10043.770   4.8559050e-10
       10053.840   4.6122390e-10
       10063.920   5.0117550e-10
       10074.010   5.5077890e-10
       10084.110   5.8005040e-10
       10094.220   5.9468610e-10
       10104.340   6.0251830e-10
       10114.470   6.0544540e-10
       10124.610   6.0663210e-10
       10134.760   6.0868900e-10
       10144.920   6.0940100e-10
       10155.090   6.0845160e-10
       10165.270   6.0710680e-10
       10175.460   6.0560360e-10
       10185.660   6.0386310e-10
       10195.870   6.0220180e-10
       10206.090   6.0054050e-10
       10216.320   5.9864170e-10
       10226.570   5.9674300e-10
       10236.820   5.9476520e-10
       10247.080   5.9278740e-10
       10257.350   5.9080960e-10
       10267.640   5.8891090e-10
       10277.930   5.8693310e-10
       10288.230   5.8487620e-10
       10298.550   5.8289840e-10
       10308.870   5.8092060e-10
       10319.210   5.7878460e-10
       10329.550   5.7641120e-10
       10339.910   5.7451250e-10
       10350.270   5.7285120e-10
       10360.650   5.7079420e-10
       10371.040   5.6857910e-10
       10381.430   5.6683860e-10
       10391.840   5.6501910e-10
       10402.260   5.6304130e-10
       10412.690   5.6114260e-10
       10423.130   5.5924390e-10
       10433.570   5.5726610e-10
       10444.030   5.5481360e-10
       10454.500   5.5149090e-10
       10464.980   5.4951310e-10
       10475.480   5.4880110e-10
       10485.980   5.4737700e-10
       10496.490   5.4524100e-10
       10507.010   5.4286760e-10
       10517.540   5.4096900e-10
       10528.090   5.3930760e-10
       10538.640   5.3732980e-10
       10549.210   5.3543110e-10
       10559.780   5.3392800e-10
       10570.370   5.3218750e-10
       10580.970   5.2997240e-10
       10591.570   5.2783630e-10
       10602.190   5.2625410e-10
       10612.820   5.2475100e-10
       10623.460   5.2301050e-10
       10634.110   5.2103270e-10
       10644.770   5.1929220e-10
       10655.440   5.1731440e-10
       10666.130   5.1478280e-10
       10676.820   5.0932410e-10
       10687.520   5.0236220e-10
       10698.240   5.0252050e-10
       10708.960   5.0441920e-10
       10719.700   5.0410270e-10
       10730.440   5.0196670e-10
       10741.200   5.0101730e-10
       10751.970   4.9975150e-10
       10762.750   4.9832750e-10
       10773.540   4.9706170e-10
       10784.340   4.9508390e-10
       10795.150   4.9302700e-10
       10805.970   4.9081180e-10
       10816.800   4.8820110e-10
       10827.650   4.8551140e-10
       10838.500   4.8345440e-10
       10849.370   4.8123930e-10
       10860.240   4.7752100e-10
       10871.130   4.7269520e-10
       10882.030   4.6755290e-10
       10892.940   4.5987900e-10
       10903.860   4.4698370e-10
       10914.790   4.2530700e-10
       10925.730   3.9200080e-10
       10936.690   3.5766610e-10
       10947.650   3.6122610e-10
       10958.630   3.9611460e-10
       10969.610   4.2427850e-10
       10980.610   4.3970540e-10
       10991.620   4.4793310e-10
       11002.640   4.5204690e-10
       11013.670   4.5370830e-10
       11024.710   4.5418290e-10
       11035.760   4.5426200e-10
       11046.820   4.5370830e-10
       11057.900   4.5283800e-10
       11068.980   4.5173050e-10
       11080.080   4.5054380e-10
       11091.190   4.4919890e-10
       11102.310   4.4785390e-10
       11113.440   4.4635080e-10
       11124.580   4.4476860e-10
       11135.730   4.4326550e-10
       11146.890   4.4192050e-10
       11158.070   4.4057560e-10
       11169.250   4.3907250e-10
       11180.450   4.3749030e-10
       11191.660   4.3590800e-10
       11202.880   4.3448400e-10
       11214.110   4.3306000e-10
       11225.350   4.3163590e-10
       11236.610   4.3013280e-10
       11247.870   4.2847150e-10
       11259.150   4.2681010e-10
       11270.430   4.2499050e-10
       11281.730   4.2087670e-10
       11293.040   4.1620910e-10
       11304.360   4.1605090e-10
       11315.700   4.1771220e-10
       11327.040   4.1644640e-10
       11338.390   4.1486420e-10
       11349.760   4.1462680e-10
       11361.140   4.1351930e-10
       11372.530   4.1193700e-10
       11383.930   4.1051300e-10
       11395.340   4.0916810e-10
       11406.770   4.0766500e-10
       11418.200   4.0647830e-10
       11429.650   4.0521250e-10
       11441.110   4.0339290e-10
       11452.580   4.0173160e-10
       11464.060   4.0086130e-10
       11475.550   3.9967470e-10
       11487.060   3.9832970e-10
       11498.570   3.9690570e-10
       11510.100   3.9548170e-10
       11521.640   3.9413680e-10
       11533.190   3.9271280e-10
       11544.750   3.9136790e-10
       11556.320   3.8994390e-10
       11567.910   3.8851980e-10
       11579.510   3.8717490e-10
       11591.110   3.8567180e-10
       11602.730   3.8393130e-10
       11614.370   3.8195350e-10
       11626.010   3.8021310e-10
       11637.670   3.7926370e-10
       11649.330   3.7728590e-10
       11661.010   3.7427960e-10
       11672.700   3.7348850e-10
       11684.400   3.7404230e-10
       11696.120   3.7364680e-10
       11707.840   3.7253920e-10
       11719.580   3.7119430e-10
       11731.330   3.6945380e-10
       11743.090   3.6597290e-10
       11754.860   3.6201720e-10
       11766.640   3.6272930e-10
       11778.440   3.6359950e-10
       11790.250   3.6272930e-10
       11802.070   3.6146350e-10
       11813.900   3.6027680e-10
       11825.740   3.5853630e-10
       11837.600   3.5640030e-10
       11849.460   3.5545090e-10
       11861.340   3.5497630e-10
       11873.230   3.5378960e-10
       11885.140   3.5189090e-10
       11897.050   3.4999220e-10
       11908.980   3.4975490e-10
       11920.920   3.4943840e-10
       11932.870   3.4817260e-10
       11944.830   3.4643220e-10
       11956.810   3.4492900e-10
       11968.790   3.4421700e-10
       11980.790   3.4279300e-10
       11992.800   3.4136900e-10
       12004.830   3.4065700e-10
       12016.860   3.3962850e-10
       12028.910   3.3796720e-10
       12040.970   3.3678050e-10
       12053.040   3.3606850e-10
       12065.120   3.3488180e-10
       12077.220   3.3314130e-10
       12089.320   3.3155910e-10
       12101.440   3.3076790e-10
       12113.580   3.2981860e-10
       12125.720   3.2894840e-10
       12137.880   3.2791990e-10
       12150.040   3.2681240e-10
       12162.220   3.2562570e-10
       12174.420   3.2435990e-10
       12186.620   3.2317320e-10
       12198.840   3.2206560e-10
       12211.070   3.2095800e-10
       12223.310   3.1985050e-10
       12235.560   3.1858470e-10
       12247.830   3.1723980e-10
       12260.110   3.1605310e-10
       12272.400   3.1494550e-10
       12284.700   3.1407530e-10
       12297.020   3.1304680e-10
       12309.340   3.1186010e-10
       12321.680   3.1059440e-10
       12334.040   3.0940770e-10
       12346.400   3.0830010e-10
       12358.780   3.0742990e-10
       12371.170   3.0648050e-10
       12383.570   3.0537290e-10
       12395.990   3.0434450e-10
       12408.410   3.0331600e-10
       12420.850   3.0220850e-10
       12433.300   3.0110090e-10
       12445.770   2.9991420e-10
       12458.250   2.9841110e-10
       12470.730   2.9706620e-10
       12483.240   2.9651240e-10
       12495.750   2.9572130e-10
       12508.280   2.9469280e-10
       12520.820   2.9358520e-10
       12533.370   2.9247770e-10
       12545.940   2.9129100e-10
       12558.510   2.8978790e-10
       12571.100   2.8844290e-10
       12583.710   2.8757270e-10
       12596.320   2.8670250e-10
       12608.950   2.8543670e-10
       12621.590   2.8440820e-10
       12634.240   2.8377530e-10
       12646.910   2.8290510e-10
       12659.580   2.8171840e-10
       12672.280   2.8053170e-10
       12684.980   2.7926590e-10
       12697.700   2.7800020e-10
       12710.430   2.7657610e-10
       12723.170   2.7499390e-10
       12735.920   2.7301610e-10
       12748.690   2.7056360e-10
       12761.470   2.6724090e-10
       12774.270   2.6209860e-10
       12787.070   2.5379180e-10
       12799.890   2.3955160e-10
       12812.720   2.2040650e-10
       12825.570   2.1502690e-10
       12838.430   2.3029550e-10
       12851.300   2.4548500e-10
       12864.180   2.5371270e-10
       12877.080   2.5774740e-10
       12889.990   2.5964610e-10
       12902.910   2.6043720e-10
       12915.840   2.6059550e-10
       12928.790   2.6035810e-10
       12941.750   2.5980430e-10
       12954.730   2.5917140e-10
       12967.710   2.5853860e-10
       12980.710   2.5774740e-10
       12993.730   2.5703540e-10
       13006.750   2.5616520e-10
       13019.790   2.5537410e-10
       13032.840   2.5450380e-10
       13045.910   2.5363360e-10
       13058.990   2.5276340e-10
       13072.080   2.5189310e-10
       13085.180   2.5102290e-10
       13098.300   2.5015260e-10
       13111.430   2.4928240e-10
       13124.580   2.4825400e-10
       13137.740   2.4738370e-10
       13150.910   2.4635530e-10
       13164.090   2.4516860e-10
       13177.290   2.4445660e-10
       13190.500   2.4398190e-10
       13203.720   2.4319080e-10
       13216.960   2.4232060e-10
       13230.210   2.4145030e-10
       13243.470   2.4065920e-10
       13256.750   2.3978900e-10
       13270.040   2.3891870e-10
       13283.340   2.3804850e-10
       13296.660   2.3725740e-10
       13309.990   2.3638710e-10
       13323.330   2.3559600e-10
       13336.690   2.3472580e-10
       13350.060   2.3385550e-10
       13363.440   2.3306440e-10
       13376.840   2.3219420e-10
       13390.250   2.3140310e-10
       13403.670   2.3053280e-10
       13417.110   2.2966260e-10
       13430.560   2.2887150e-10
       13444.020   2.2808040e-10
       13457.500   2.2713100e-10
       13470.990   2.2626080e-10
       13484.500   2.2554880e-10
       13498.020   2.2467850e-10
       13511.550   2.2380830e-10
       13525.090   2.2309630e-10
       13538.650   2.2230520e-10
       13552.220   2.2143490e-10
       13565.810   2.2072290e-10
       13579.410   2.1993180e-10
       13593.020   2.1914070e-10
       13606.650   2.1842870e-10
       13620.290   2.1763760e-10
       13633.940   2.1684640e-10
       13647.610   2.1597620e-10
       13661.290   2.1518510e-10
       13674.990   2.1447310e-10
       13688.700   2.1352370e-10
       13702.420   2.1257440e-10
       13716.160   2.1202060e-10
       13729.910   2.1138770e-10
       13743.670   2.1043830e-10
       13757.450   2.0972630e-10
       13771.240   2.0909350e-10
       13785.050   2.0846060e-10
       13798.870   2.0774850e-10
       13812.700   2.0703650e-10
       13826.550   2.0624540e-10
       13840.410   2.0553340e-10
       13854.290   2.0482140e-10
       13868.170   2.0410940e-10
       13882.080   2.0339740e-10
       13895.990   2.0260630e-10
       13909.920   2.0189420e-10
       13923.870   2.0110310e-10
       13937.830   2.0031200e-10
       13951.800   1.9960000e-10
       13965.790   1.9896710e-10
       13979.790   1.9833420e-10
       13993.800   1.9754310e-10
       14007.830   1.9683110e-10
       14021.870   1.9619820e-10
       14035.930   1.9548620e-10
       14050.000   1.9477410e-10
       14064.090   1.9406210e-10
       14078.190   1.9342920e-10
       14092.300   1.9271720e-10
       14106.430   1.9200520e-10
       14120.570   1.9129320e-10
       14134.730   1.9058120e-10
       14148.900   1.8994830e-10
       14163.080   1.8923630e-10
       14177.280   1.8852430e-10
       14191.490   1.8789140e-10
       14205.720   1.8717940e-10
       14219.960   1.8654650e-10
       14234.210   1.8583450e-10
       14248.490   1.8520160e-10
       14262.770   1.8456870e-10
       14277.070   1.8385670e-10
       14291.380   1.8322380e-10
       14305.710   1.8251180e-10
       14320.050   1.8187890e-10
       14334.400   1.8124600e-10
       14348.770   1.8061310e-10
       14363.160   1.7998020e-10
       14377.560   1.7926820e-10
       14391.970   1.7823970e-10
       14406.400   1.7713210e-10
       14420.840   1.7642010e-10
       14435.300   1.7602460e-10
       14449.770   1.7578720e-10
       14464.260   1.7539170e-10
       14478.760   1.7483790e-10
       14493.270   1.7412590e-10
       14507.800   1.7349300e-10
       14522.340   1.7278100e-10
       14536.900   1.7183160e-10
       14551.480   1.7111960e-10
       14566.070   1.7088230e-10
       14580.670   1.7048670e-10
       14595.280   1.6985380e-10
       14609.920   1.6922090e-10
       14624.560   1.6850890e-10
       14639.220   1.6771780e-10
       14653.900   1.6732220e-10
       14668.590   1.6684750e-10
       14683.300   1.6629380e-10
       14698.020   1.6574000e-10
       14712.750   1.6518620e-10
       14727.500   1.6455330e-10
       14742.260   1.6392040e-10
       14757.040   1.6328750e-10
       14771.840   1.6265460e-10
       14786.650   1.6202170e-10
       14801.470   1.6154700e-10
       14816.310   1.6107240e-10
       14831.160   1.6051860e-10
       14846.030   1.5988570e-10
       14860.910   1.5925280e-10
       14875.810   1.5846170e-10
       14890.720   1.5806610e-10
       14905.650   1.5774960e-10
       14920.600   1.5727500e-10
       14935.550   1.5672120e-10
       14950.530   1.5616740e-10
       14965.510   1.5553450e-10
       14980.520   1.5498070e-10
       14995.540   1.5450600e-10
