angstroms,flam
         229.            0.                     
         234.            0.                     
         243.            0.                     
         252.            0.                     
         256.            0.                     
         260.            0.                     
         266.            0.                     
         275.            0.                     
         283.            0.                     
         293.            0.                     
         301.            0.                     
         309.            0.                     
         325.            0.                     
         342.            0.                     
         351.            0.                     
         356.            0.                     
         365.            0.                     
         375.            0.                     
         384.            0.                     
         400.            0.                     
         415.            0.                     
         425.            0.                     
         445.            0.                     
         472.            0.                     
         494.            0.                     
         506.            0.                     
         516.            0.                     
         540.            0.                     
         564.            0.                     
         587.            0.                     
         612.            0.                     
         640.            0.                     
         671.            0.                     
         705.            0.                     
         736.            0.                     
         770.            0.                     
         810.            0.                     
         850.            0.                     
         890.            0.                     
         920.  3.806504E-21                     
         940.  1.286419E-20                     
         962.  2.737787E-20                     
         987.  6.142504E-20                     
        1012.  1.250147E-19                     
        1037.  2.352698E-19                     
        1062.  4.554490E-19                     
        1087.  8.475228E-19                     
        1112.  1.387666E-17                     
        1120.  1.707342E-17                     
        1140.  2.470426E-17                     
        1160.  3.904368E-17                     
        1180.  5.636813E-17                     
        1200.  7.924426E-17                     
        1220.  1.171492E-16                     
        1240.  1.786179E-16                     
        1260.  2.565816E-16                     
        1280.  3.513713E-16                     
        1300.  4.861178E-16                     
        1320.  6.453558E-16                     
        1340.  8.324613E-16                     
        1360.  1.081741E-15                     
        1380.  1.427867E-15                     
        1400.  1.882151E-15                     
        1420.  2.450344E-15                     
        1440.  3.185960E-15                     
        1460.  4.151392E-15                     
        1480.  5.304658E-15                     
        1500.  6.878483E-15                     
        1520.  5.596066E-14                     
        1540.  1.005924E-13                     
        1560.  1.046670E-13                     
        1580.  1.339134E-13                     
        1600.  1.734773E-13                     
        1620.  2.130776E-13                     
        1640.  2.480613E-13                     
        1660.  2.714176E-13                     
        1680.  3.489847E-12                     
        1700.  5.321029E-12                     
        1720.  6.642373E-12                     
        1740.  8.754996E-12                     
        1760.  8.626936E-12                     
        1780.  1.195176E-11                     
        1800.  1.132492E-11                     
        1820.  9.198112E-12                     
        1840.  9.576470E-12                     
        1860.  1.232102E-11                     
        1880.  1.420809E-11                     
        1900.  1.658083E-11                     
        1920.  1.982489E-11                     
        1940.  1.758785E-11                     
        1960.  1.775738E-11                     
        1980.  2.508553E-11                     
        2000.  2.634284E-11                     
       2002.5  2.781517E-11                     
        2005.  3.452339E-11                     
       2007.5  3.687176E-11                     
        2010.  3.810142E-11                     
       2012.5  3.840338E-11                     
        2015.  3.855618E-11                     
       2017.5  3.791952E-11                     
        2020.  3.769760E-11                     
       2022.5  3.779946E-11                     
        2025.  3.778491E-11                     
       2027.5  3.777036E-11                     
        2030.  3.936747E-11                     
       2032.5  4.184135E-11                     
        2035.  4.598147E-11                     
       2037.5  4.867727E-11                     
        2040.  5.040898E-11                     
       2042.5  5.158044E-11                     
        2045.  5.223529E-11                     
       2047.5  5.324667E-11                     
        2050.  5.402522E-11                     
       2052.5  5.424714E-11                     
        2055.  5.426897E-11                     
       2057.5  5.366141E-11                     
        2060.  5.449817E-11                     
       2062.5  5.621169E-11                     
        2065.  5.944593E-11                     
       2067.5  6.268381E-11                     
        2070.  6.408810E-11                     
       2072.5  6.590713E-11                     
        2075.  6.859201E-11                     
       2077.5  7.210638E-11                     
        2080.  7.600639E-11                     
       2082.5  8.100508E-11                     
        2085.  8.673139E-11                     
       2087.5  8.634576E-11                     
        2090.  8.689147E-11                     
       2092.5  8.884147E-11                     
        2095.  9.028214E-11                     
       2097.5  9.062776E-11                     
        2100.  9.097701E-11                     
       2102.5  8.958000E-11                     
        2105.  9.870062E-11                     
       2107.5  9.540817E-11                     
        2110.  9.322169E-11                     
       2112.5  1.005087E-10                     
        2115.  1.111719E-10                     
       2117.5  1.265573E-10                     
        2120.  1.241234E-10                     
       2122.5  9.845687E-11                     
        2125.  8.971460E-11                     
       2127.5  1.030263E-10                     
        2130.  1.065006E-10                     
       2132.5  1.033428E-10                     
        2135.  1.053801E-10                     
       2137.5  1.106771E-10                     
        2140.  1.233776E-10                     
       2142.5  1.426338E-10                     
        2145.  1.443692E-10                     
       2147.5  1.322181E-10                     
        2150.  1.295805E-10                     
       2152.5  1.334550E-10                     
        2155.  1.274813E-10                     
       2157.5  1.105134E-10                     
        2160.  1.132201E-10                     
       2162.5  1.250657E-10                     
        2165.  1.130710E-10                     
       2167.5  1.013200E-10                     
        2170.  1.092037E-10                     
       2172.5  1.144643E-10                     
        2175.  1.106116E-10                     
       2177.5  1.250402E-10                     
        2180.  1.563275E-10                     
       2182.5  1.650188E-10                     
        2185.  1.461882E-10                     
       2187.5  1.313704E-10                     
        2190.  1.404074E-10                     
       2192.5  1.579210E-10                     
        2195.  1.605040E-10                     
       2197.5  1.580811E-10                     
        2200.  1.628833E-10                     
       2202.5  1.757475E-10                     
        2205.  1.695955E-10                     
       2207.5  1.345792E-10                     
        2210.  1.148864E-10                     
       2212.5  1.245018E-10                     
        2215.  1.280052E-10                     
       2217.5  1.303008E-10                     
        2220.  1.541592E-10                     
       2222.5  1.684350E-10                     
        2225.  1.623049E-10                     
       2227.5  1.607587E-10                     
        2230.  1.765442E-10                     
       2232.5  2.122190E-10                     
        2235.  2.310570E-10                     
       2237.5  2.132632E-10                     
        2240.  1.928391E-10                     
       2242.5  1.781559E-10                     
        2245.  1.830345E-10                     
       2247.5  1.962734E-10                     
        2250.  1.868800E-10                     
       2252.5  1.731536E-10                     
        2255.  1.663249E-10                     
       2257.5  1.620975E-10                     
        2260.  1.563421E-10                     
       2262.5  1.436234E-10                     
        2265.  1.247309E-10                     
       2267.5  1.100332E-10                     
        2270.  1.067007E-10                     
       2272.5  1.136385E-10                     
        2275.  1.248910E-10                     
       2277.5  1.393341E-10                     
        2280.  1.620175E-10                     
       2282.5  1.780831E-10                     
        2285.  1.724878E-10                     
       2287.5  1.572880E-10                     
        2290.  1.504411E-10                     
       2292.5  1.564439E-10                     
        2295.  1.578446E-10                     
       2297.5  1.401673E-10                     
        2300.  1.321344E-10                     
       2302.5  1.508813E-10                     
        2305.  1.834238E-10                     
       2307.5  1.893356E-10                     
        2310.  1.521728E-10                     
       2312.5  1.367838E-10                     
        2315.  1.600965E-10                     
       2317.5  1.654045E-10                     
        2320.  1.581720E-10                     
       2322.5  1.732845E-10                     
        2325.  1.723022E-10                     
       2327.5  1.578409E-10                     
        2330.  1.499318E-10                     
       2332.5  1.428885E-10                     
        2335.  1.444674E-10                     
       2337.5  1.346083E-10                     
        2340.  1.275577E-10                     
       2342.5  1.187463E-10                     
        2345.  1.063478E-10                     
       2347.5  1.191283E-10                     
        2350.  1.514743E-10                     
       2352.5  1.733282E-10                     
        2355.  1.768353E-10                     
       2357.5  1.652735E-10                     
        2360.  1.473742E-10                     
       2362.5  1.452169E-10                     
        2365.  1.430304E-10                     
       2367.5  1.470905E-10                     
        2370.  1.668524E-10                     
       2372.5  1.640329E-10                     
        2375.  1.551124E-10                     
       2377.5  1.514853E-10                     
        2380.  1.244399E-10                     
       2382.5  1.097712E-10                     
        2385.  1.265209E-10                     
       2387.5  1.397671E-10                     
        2390.  1.528895E-10                     
       2392.5  1.533006E-10                     
        2395.  1.297733E-10                     
       2397.5  1.225954E-10                     
        2400.  1.351285E-10                     
       2402.5  1.384865E-10                     
        2405.  1.152902E-10                     
       2407.5  1.227227E-10                     
        2410.  1.215040E-10                     
       2412.5  1.236723E-10                     
        2415.  1.518054E-10                     
       2417.5  1.849336E-10                     
        2420.  2.110040E-10                     
       2422.5  2.155151E-10                     
        2425.  2.088793E-10                     
       2427.5  2.185166E-10                     
        2430.  2.121063E-10                     
       2432.5  1.991802E-10                     
        2435.  1.858540E-10                     
       2437.5  1.889209E-10                     
        2440.  1.987037E-10                     
       2442.5  2.048665E-10                     
        2445.  1.895648E-10                     
       2447.5  1.683622E-10                     
        2450.  1.536863E-10                     
       2452.5  1.466685E-10                     
        2455.  1.493352E-10                     
       2457.5  1.550906E-10                     
        2460.  1.481310E-10                     
       2462.5  1.382318E-10                     
        2465.  1.490041E-10                     
       2467.5  1.632216E-10                     
        2470.  1.681403E-10                     
       2472.5  1.676601E-10                     
        2475.  1.762204E-10                     
       2477.5  1.668088E-10                     
        2480.  1.539628E-10                     
       2482.5  1.375005E-10                     
        2485.  1.344700E-10                     
       2487.5  1.294968E-10                     
        2490.  1.134784E-10                     
       2492.5  1.476980E-10                     
        2495.  1.898704E-10                     
       2497.5  1.970011E-10                     
        2500.  1.862142E-10                     
       2502.5  1.820013E-10                     
        2505.  1.666814E-10                     
       2507.5  1.622175E-10                     
        2510.  1.695446E-10                     
       2512.5  1.468067E-10                     
        2515.  1.223407E-10                     
       2517.5  1.220097E-10                     
        2520.  1.330075E-10                     
       2522.5  1.270557E-10                     
        2525.  1.278051E-10                     
       2527.5  1.253822E-10                     
        2530.  1.373405E-10                     
       2532.5  1.607841E-10                     
        2535.  1.617410E-10                     
       2537.5  1.621193E-10                     
        2540.  1.686169E-10                     
       2542.5  1.777230E-10                     
        2545.  1.817794E-10                     
       2547.5  1.707379E-10                     
        2550.  1.900596E-10                     
       2552.5  2.392680E-10                     
        2555.  2.507425E-10                     
       2557.5  2.538348E-10                     
        2560.  2.669355E-10                     
       2562.5  2.446779E-10                     
        2565.  2.743972E-10                     
       2567.5  3.413375E-10                     
        2570.  3.809051E-10                     
       2572.5  3.845068E-10                     
        2575.  3.131571E-10                     
       2577.5  3.277421E-10                     
        2580.  4.370040E-10                     
       2582.5  4.124834E-10                     
        2585.  2.987249E-10                     
       2587.5  3.373684E-10                     
        2590.  4.175404E-10                     
       2592.5  3.469619E-10                     
        2595.  3.021774E-10                     
       2597.5  2.394136E-10                     
        2600.  2.207685E-10                     
       2602.5  2.996599E-10                     
        2605.  2.715122E-10                     
       2607.5  2.378274E-10                     
        2610.  2.513501E-10                     
       2612.5  2.203756E-10                     
        2615.  2.606599E-10                     
       2617.5  3.034908E-10                     
        2620.  3.266798E-10                     
       2622.5  3.459069E-10                     
        2625.  3.260613E-10                     
       2627.5  2.815387E-10                     
        2630.  2.520376E-10                     
       2632.5  2.955853E-10                     
        2635.  4.388958E-10                     
       2637.5  6.049369E-10                     
        2640.  7.124780E-10                     
       2642.5  7.664305E-10                     
        2645.  7.737794E-10                     
       2647.5  6.404444E-10                     
        2650.  5.763418E-10                     
       2652.5  6.746422E-10                     
        2655.  7.837113E-10                     
       2657.5  7.762533E-10                     
        2660.  7.206273E-10                     
       2662.5  6.631459E-10                     
        2665.  6.660563E-10                     
       2667.5  6.775890E-10                     
        2670.  6.756608E-10                     
       2672.5  6.807905E-10                     
        2675.  7.542429E-10                     
       2677.5  6.913409E-10                     
        2680.  6.667840E-10                     
       2682.5  6.849379E-10                     
        2685.  6.922504E-10                     
       2687.5  6.604901E-10                     
        2690.  6.261832E-10                     
       2692.5  6.601991E-10                     
        2695.  6.206169E-10                     
       2697.5  6.481935E-10                     
        2700.  7.497682E-10                     
       2702.5  7.873494E-10                     
        2705.  7.869491E-10                     
       2707.5  7.262663E-10                     
        2710.  6.991264E-10                     
       2712.5  6.934510E-10                     
        2715.  6.280023E-10                     
       2717.5  5.148948E-10                     
        2720.  4.277269E-10                     
       2722.5  4.860087E-10                     
        2725.  5.316300E-10                     
       2727.5  6.291664E-10                     
        2730.  7.108773E-10                     
       2732.5  6.202168E-10                     
        2735.  5.109658E-10                     
       2737.5  4.299825E-10                     
        2740.  3.772306E-10                     
       2742.5  3.510220E-10                     
        2745.  3.603464E-10                     
       2747.5  3.457214E-10                     
        2750.  3.963305E-10                     
       2752.5  4.872092E-10                     
        2755.  4.483547E-10                     
       2757.5  5.743044E-10                     
        2760.  6.684939E-10                     
       2762.5  6.511767E-10                     
        2765.  7.000359E-10                     
       2767.5  6.639099E-10                     
        2770.  6.605265E-10                     
       2772.5  7.027644E-10                     
        2775.  6.611813E-10                     
       2777.5  5.462186E-10                     
        2780.  4.682549E-10                     
       2782.5  4.549396E-10                     
        2785.  4.582139E-10                     
       2787.5  4.088090E-10                     
        2790.  3.141321E-10                     
       2792.5  2.468570E-10                     
        2795.  2.194333E-10                     
       2797.5  2.054959E-10                     
        2800.  2.123246E-10                     
       2802.5  2.252433E-10                     
        2805.  2.606635E-10                     
       2807.5  3.574832E-10                     
        2810.  4.407876E-10                     
       2812.5  5.181328E-10                     
        2815.  6.117400E-10                     
       2817.5  6.709313E-10                     
        2820.  7.300135E-10                     
       2822.5  7.765443E-10                     
        2825.  7.976450E-10                     
       2827.5  7.999734E-10                     
        2830.  8.716796E-10                     
       2832.5  8.829940E-10                     
        2835.  8.213652E-10                     
       2837.5  8.230387E-10                     
        2840.  8.559996E-10                     
       2842.5  7.666124E-10                     
        2845.  6.683484E-10                     
       2847.5  4.976868E-10                     
        2850.  2.937371E-10                     
       2852.5  2.491345E-10                     
        2855.  3.847614E-10                     
       2857.5  5.915489E-10                     
        2860.  8.021926E-10                     
       2862.5  8.999838E-10                     
        2865.  9.290155E-10                     
       2867.5  8.793560E-10                     
        2870.  9.327626E-10                     
       2872.5   1.035720E-9                     
        2875.  9.513531E-10                     
       2877.5  8.368634E-10                     
        2880.  5.943865E-10                     
       2882.5  6.353147E-10                     
        2885.  9.557188E-10                     
       2887.5   1.054601E-9                     
        2890.   1.051618E-9                     
       2892.5   1.087344E-9                     
        2895.   1.228028E-9                     
       2897.5   1.392941E-9                     
        2900.   1.538718E-9                     
       2902.5   1.612716E-9                     
        2905.   1.606059E-9                     
       2907.5   1.498918E-9                     
        2910.   1.507576E-9                     
       2912.5   1.566149E-9                     
        2915.   1.454643E-9                     
       2917.5   1.417352E-9                     
        2920.   1.443947E-9                     
       2922.5   1.336333E-9                     
        2925.   1.210783E-9                     
       2927.5   1.237705E-9                     
        2930.   1.471632E-9                     
       2932.5   1.584594E-9                     
        2935.   1.413896E-9                     
       2937.5   1.197468E-9                     
        2940.   1.276050E-9                     
       2942.5   1.393414E-9                     
        2945.   1.384137E-9                     
       2947.5   1.182989E-9                     
        2950.   1.289656E-9                     
       2952.5   1.440782E-9                     
        2955.   1.414115E-9                     
       2957.5   1.482219E-9                     
        2960.   1.554289E-9                     
       2962.5   1.542320E-9                     
        2965.   1.219260E-9                     
       2967.5   1.007161E-9                     
        2970.   1.076794E-9                     
       2972.5   1.177895E-9                     
        2975.   1.444784E-9                     
       2977.5   1.668488E-9                     
        2980.   1.398835E-9                     
       2982.5  9.967198E-10                     
        2985.  8.888149E-10                     
       2987.5   1.167927E-9                     
        2990.   1.472396E-9                     
       2992.5   1.343900E-9                     
        2995.   1.205253E-9                     
       2997.5   1.281798E-9                     
        3000.  9.026395E-10                     
       3002.5  9.408028E-10                     
        3005.   1.129655E-9                     
       3007.5   1.057985E-9                     
        3010.   1.199251E-9                     
       3012.5   1.328438E-9                     
        3015.   1.282308E-9                     
       3017.5   1.010908E-9                     
        3020.  7.891320E-10                     
       3022.5   1.068790E-9                     
        3025.   1.294968E-9                     
       3027.5   1.520455E-9                     
        3030.   1.582666E-9                     
       3032.5   1.688352E-9                     
        3035.   1.666742E-9                     
       3037.5   1.393996E-9                     
        3040.   1.357725E-9                     
       3042.5   1.470832E-9                     
        3045.   1.575972E-9                     
       3047.5   1.423028E-9                     
        3050.   1.632180E-9                     
       3052.5   1.700284E-9                     
        3055.   1.412041E-9                     
       3057.5   1.108845E-9                     
        3060.   1.271212E-9                     
       3062.5   1.453478E-9                     
        3065.   1.280889E-9                     
       3067.5   1.367802E-9                     
        3070.   1.562584E-9                     
       3072.5   1.501537E-9                     
        3075.   1.468940E-9                     
       3077.5   1.510196E-9                     
        3080.   1.448240E-9                     
       3082.5   1.440964E-9                     
        3085.   1.593762E-9                     
       3087.5   1.446966E-9                     
        3090.   1.230720E-9                     
       3092.5   1.070900E-9                     
        3095.   1.148645E-9                     
       3097.5   1.103934E-9                     
        3100.   1.097967E-9                     
       3102.5   1.209765E-9                     
        3105.   1.322654E-9                     
       3107.5   1.437216E-9                     
        3110.   1.550724E-9                     
       3112.5   1.641203E-9                     
        3115.   1.640766E-9                     
       3117.5   1.604858E-9                     
        3120.   1.545340E-9                     
       3122.5   1.524748E-9                     
        3125.   1.521910E-9                     
       3127.5   1.545631E-9                     
        3130.   1.567204E-9                     
       3132.5   1.584740E-9                     
        3135.   1.588305E-9                     
       3137.5   1.593762E-9                     
        3140.   1.600493E-9                     
       3142.5   1.575863E-9                     
        3145.   1.573098E-9                     
       3147.5   1.603076E-9                     
        3150.   1.618392E-9                     
       3152.5   1.625741E-9                     
        3155.   1.615882E-9                     
       3157.5   1.545885E-9                     
        3160.   1.435797E-9                     
       3162.5   1.410731E-9                     
        3165.   1.433651E-9                     
       3167.5   1.528532E-9                     
        3170.   1.669579E-9                     
       3172.5   1.797166E-9                     
        3175.   1.824452E-9                     
       3177.5   1.776029E-9                     
        3180.   1.677110E-9                     
       3182.5   1.597437E-9                     
        3185.   1.564330E-9                     
       3187.5   1.601038E-9                     
        3190.   1.644513E-9                     
       3192.5   1.684896E-9                     
        3195.   1.705924E-9                     
       3197.5   1.707379E-9                     
        3200.   1.695737E-9                     
       3202.5   1.682858E-9                     
        3205.   1.670016E-9                     
       3207.5   1.657137E-9                     
        3210.   1.644295E-9                     
       3212.5   1.631452E-9                     
        3215.   1.618574E-9                     
       3217.5   1.605731E-9                     
        3220.   1.592853E-9                     
       3222.5   1.636655E-9                     
        3225.   1.680457E-9                     
       3227.5   1.724259E-9                     
        3230.   1.768098E-9                     
       3232.5   1.811900E-9                     
        3235.   1.855702E-9                     
       3237.5   1.899505E-9                     
        3240.   1.943307E-9                     
        3260.   2.004390E-9                     
        3270.   2.175088E-9                     
        3280.   1.936431E-9                     
        3290.   2.049902E-9                     
        3300.   2.177234E-9                     
        3310.   2.095633E-9                     
        3320.   2.084027E-9                     
        3330.   2.002935E-9                     
        3340.   1.973139E-9                     
        3350.   2.079261E-9                     
        3360.   1.962480E-9                     
        3370.   1.882915E-9                     
        3380.   1.773300E-9                     
        3390.   1.971029E-9                     
        3400.   2.113896E-9                     
        3410.   2.125283E-9                     
        3420.   2.042153E-9                     
        3430.   2.142673E-9                     
        3440.   1.945781E-9                     
        3450.   1.894739E-9                     
        3460.   2.025564E-9                     
        3470.   1.943453E-9                     
        3480.   1.908600E-9                     
        3490.   1.912202E-9                     
        3500.   2.060526E-9                     
        3510.   2.210741E-9                     
        3520.   2.167084E-9                     
        3530.   2.175161E-9                     
        3540.   2.328250E-9                     
        3550.   2.392171E-9                     
        3560.   2.344804E-9                     
        3570.   2.035059E-9                     
        3580.   1.847335E-9                     
        3590.   1.903798E-9                     
        3600.   2.270842E-9                     
        3610.   2.089121E-9                     
        3620.   2.088575E-9                     
        3630.   2.121390E-9                     
        3640.   2.160500E-9                     
        3650.   2.305076E-9                     
        3660.   2.484214E-9                     
        3670.   2.541841E-9                     
        3680.   2.359611E-9                     
        3690.   2.408288E-9                     
        3700.   2.438811E-9                     
        3710.   2.492945E-9                     
        3720.   2.324249E-9                     
        3730.   2.011521E-9                     
        3740.   2.052049E-9                     
        3750.   2.165665E-9                     
        3760.   2.285176E-9                     
        3770.   2.443723E-9                     
        3780.   2.814186E-9                     
        3790.   2.619041E-9                     
        3800.   2.438084E-9                     
        3810.   2.625735E-9                     
        3820.   2.242683E-9                     
        3830.   1.766570E-9                     
        3840.   1.806007E-9                     
        3850.   2.267386E-9                     
        3860.   2.400611E-9                     
        3870.   2.374236E-9                     
        3880.   2.348078E-9                     
        3890.   2.280701E-9                     
        3900.   2.492181E-9                     
        3910.   2.741243E-9                     
        3920.   2.676267E-9                     
        3930.   1.657865E-9                     
        3940.   1.634581E-9                     
        3950.   2.543223E-9                     
        3960.   2.383549E-9                     
        3970.   1.793892E-9                     
        3980.   2.557266E-9                     
        3990.   3.346908E-9                     
        4000.   3.570649E-9                     
        4010.   3.611758E-9                     
        4020.   3.685357E-9                     
        4030.   3.660982E-9                     
        4040.   3.483371E-9                     
        4050.   3.622746E-9                     
        4060.   3.495959E-9                     
        4070.   3.576651E-9                     
        4080.   3.744657E-9                     
        4090.   3.838883E-9                     
        4100.   3.529684E-9                     
        4110.   3.665347E-9                     
        4120.   3.922195E-9                     
        4130.   3.807596E-9                     
        4140.   3.794863E-9                     
        4150.   3.830515E-9                     
        4160.   3.887997E-9                     
        4170.   3.781766E-9                     
        4180.   3.628057E-9                     
        4190.   3.752661E-9                     
        4200.   3.774125E-9                     
        4210.   3.801047E-9                     
        4220.   3.652614E-9                     
        4230.   3.521244E-9                     
        4240.   3.739927E-9                     
        4250.   3.706094E-9                     
        4260.   3.705730E-9                     
        4270.   3.587929E-9                     
        4280.   3.464708E-9                     
        4290.   3.355712E-9                     
        4300.   2.891859E-9                     
        4310.   2.988813E-9                     
        4320.   3.597534E-9                     
        4330.   3.747203E-9                     
        4340.   3.590185E-9                     
        4350.   3.698454E-9                     
        4360.   4.108827E-9                     
        4370.   4.037885E-9                     
        4380.   3.751933E-9                     
        4390.   3.640972E-9                     
        4400.   3.741746E-9                     
        4410.   3.855618E-9                     
        4420.   4.045525E-9                     
        4430.   4.013146E-9                     
        4440.   4.058258E-9                     
        4450.   3.954937E-9                     
        4460.   3.829060E-9                     
        4470.   4.045889E-9                     
        4480.   4.133930E-9                     
        4490.   4.086999E-9                     
        4500.   4.260534E-9                     
        4510.   4.340571E-9                     
        4520.   4.224518E-9                     
        4530.   3.959303E-9                     
        4540.   4.078631E-9                     
        4550.   4.061896E-9                     
        4560.   4.136476E-9                     
        4570.   4.172493E-9                     
        4580.   4.125562E-9                     
        4590.   4.056439E-9                     
        4600.   4.067353E-9                     
        4610.   4.159760E-9                     
        4620.   4.196504E-9                     
        4630.   4.168127E-9                     
        4640.   4.056803E-9                     
        4650.   3.994592E-9                     
        4660.   4.012054E-9                     
        4670.   4.010599E-9                     
        4680.   4.028426E-9                     
        4690.   4.077540E-9                     
        4700.   3.960394E-9                     
        4710.   4.012054E-9                     
        4720.   4.134657E-9                     
        4730.   4.203053E-9                     
        4740.   4.201961E-9                     
        4750.   4.269265E-9                     
        4760.   4.109919E-9                     
        4770.   4.223426E-9                     
        4780.   4.306374E-9                     
        4790.   4.339480E-9                     
        4800.   4.337297E-9                     
        4810.   4.328202E-9                     
        4820.   4.367129E-9                     
        4830.   4.358762E-9                     
        4840.   4.241253E-9                     
        4850.   4.070264E-9                     
        4860.   3.659163E-9                     
        4870.   3.713734E-9                     
        4880.   3.962941E-9                     
        4890.   4.044797E-9                     
        4900.   4.144116E-9                     
        4910.   4.059349E-9                     
        4920.   3.912008E-9                     
        4930.   3.939657E-9                     
        4940.   3.992045E-9                     
        4950.   4.020422E-9                     
        4960.   4.032791E-9                     
        4970.   4.005870E-9                     
        4980.   3.919648E-9                     
        4990.   3.894545E-9                     
        5000.   3.861075E-9                     
        5010.   3.795954E-9                     
        5020.   3.762120E-9                     
        5030.   3.857437E-9                     
        5040.   3.838519E-9                     
        5050.   3.838883E-9                     
        5060.   3.863985E-9                     
        5070.   3.829060E-9                     
        5080.   3.786131E-9                     
        5090.   3.790497E-9                     
        5100.   3.809051E-9                     
        5110.   3.841429E-9                     
        5120.   3.816327E-9                     
        5130.   3.753388E-9                     
        5140.   3.799228E-9                     
        5150.   3.756299E-9                     
        5160.   3.668622E-9                     
        5170.   3.411629E-9                     
        5180.   3.380814E-9                     
        5190.   3.533104E-9                     
        5200.   3.662801E-9                     
        5210.   3.692633E-9                     
        5220.   3.680263E-9                     
        5230.   3.661345E-9                     
        5240.   3.734471E-9                     
        5250.   3.779582E-9                     
        5260.   3.607029E-9                     
        5270.   3.501307E-9                     
        5280.   3.599935E-9                     
        5290.   3.807596E-9                     
        5300.   3.755207E-9                     
        5310.   3.843248E-9                     
        5320.   3.767577E-9                     
        5330.   3.618853E-9                     
        5340.   3.676989E-9                     
        5350.   3.759209E-9                     
        5360.   3.757027E-9                     
        5370.   3.735562E-9                     
        5380.   3.737745E-9                     
        5390.   3.723556E-9                     
        5400.   3.633332E-9                     
        5410.   3.604119E-9                     
        5420.   3.819601E-9                     
        5430.   3.813053E-9                     
        5440.   3.843612E-9                     
        5450.   3.859256E-9                     
        5460.   3.786131E-9                     
        5470.   3.842521E-9                     
        5480.   3.777036E-9                     
        5490.   3.781401E-9                     
        5500.   3.767941E-9                     
        5510.   3.779219E-9                     
        5520.   3.813053E-9                     
        5530.   3.715916E-9                     
        5540.   3.699181E-9                     
        5550.   3.760665E-9                     
        5560.   3.722465E-9                     
        5570.   3.723193E-9                     
        5580.   3.741746E-9                     
        5590.   3.626165E-9                     
        5600.   3.525537E-9                     
        5610.   3.638789E-9                     
        5620.   3.632823E-9                     
        5630.   3.647885E-9                     
        5640.   3.628057E-9                     
        5650.   3.639517E-9                     
        5660.   3.581672E-9                     
        5670.   3.565664E-9                     
        5680.   3.563591E-9                     
        5690.   3.591859E-9                     
        5700.   3.545364E-9                     
        5710.   3.546346E-9                     
        5720.   3.530594E-9                     
        5730.   3.665711E-9                     
        5740.   3.563009E-9                     
        5760.   3.561335E-9                     
        5780.   3.520407E-9                     
        5800.   3.512403E-9                     
        5820.   3.534049E-9                     
        5840.   3.564937E-9                     
        5860.   3.466600E-9                     
        5880.   3.382415E-9                     
        5900.   3.289936E-9                     
        5920.   3.349636E-9                     
        5940.   3.417741E-9                     
        5960.   3.413302E-9                     
        5980.   3.412175E-9                     
        6000.   3.377322E-9                     
        6020.   3.388345E-9                     
        6040.   3.374921E-9                     
        6060.   3.439788E-9                     
        6080.   3.369355E-9                     
        6100.   3.418578E-9                     
        6120.   3.396276E-9                     
        6140.   3.289353E-9                     
        6160.   3.183741E-9                     
        6180.   3.223759E-9                     
        6200.   3.263196E-9                     
        6220.   3.287935E-9                     
        6240.   3.224269E-9                     
        6260.   3.195346E-9                     
        6280.   3.194400E-9                     
        6300.   3.199202E-9                     
        6320.   3.168024E-9                     
        6340.   3.172790E-9                     
        6360.   3.166351E-9                     
        6380.   3.198038E-9                     
        6400.   3.180721E-9                     
        6420.   3.131535E-9                     
        6440.   3.170535E-9                     
        6460.   3.114072E-9                     
        6480.   3.076418E-9                     
        6500.   3.099374E-9                     
        6520.   3.127096E-9                     
        6540.   3.118219E-9                     
        6560.   2.930313E-9                     
        6580.   2.927657E-9                     
        6600.   3.094608E-9                     
        6620.   3.111307E-9                     
        6640.   3.102503E-9                     
        6660.   3.059028E-9                     
        6680.   3.075472E-9                     
        6700.   3.049605E-9                     
        6720.   3.012133E-9                     
        6740.   3.035380E-9                     
        6760.   3.024830E-9                     
        6780.   3.066850E-9                     
        6800.   3.005876E-9                     
        6820.   3.016681E-9                     
        6840.   3.107523E-9                     
        6860.   2.925475E-9                     
        6880.   2.852677E-9                     
        6900.   2.910231E-9                     
        6920.   2.969313E-9                     
        6940.   2.874506E-9                     
        6960.   2.914779E-9                     
        6980.   2.886911E-9                     
        7000.   2.850167E-9                     
        7020.   2.827320E-9                     
        7040.   2.820080E-9                     
        7060.   2.792940E-9                     
        7080.   2.770675E-9                     
        7100.   2.783445E-9                     
        7120.   2.767801E-9                     
        7140.   2.728583E-9                     
        7160.   2.741462E-9                     
        7180.   2.602124E-9                     
        7200.   2.458020E-9                     
        7220.   2.647272E-9                     
        7240.   2.637049E-9                     
        7260.   2.568072E-9                     
        7280.   2.591464E-9                     
        7300.   2.589572E-9                     
        7320.   2.587863E-9                     
        7340.   2.616749E-9                     
        7360.   2.612601E-9                     
        7380.   2.562214E-9                     
        7400.   2.552355E-9                     
        7420.   2.544570E-9                     
        7440.   2.560868E-9                     
        7460.   2.582660E-9                     
        7480.   2.531618E-9                     
        7500.   2.502405E-9                     
        7520.   2.463841E-9                     
        7540.   2.489344E-9                     
        7560.   2.455000E-9                     
        7580.   2.655021E-9                     
        7600.   2.242356E-9                     
        7620.   2.089994E-9                     
        7640.   2.334108E-9                     
        7660.   2.305040E-9                     
        7680.   2.244357E-9                     
        7700.   2.361029E-9                     
        7720.   2.413636E-9                     
        7740.   2.340329E-9                     
        7760.   2.330106E-9                     
        7780.   2.329124E-9                     
        7800.   2.367978E-9                     
        7820.   2.354081E-9                     
        7840.   2.375291E-9                     
        7860.   2.345895E-9                     
        7880.   2.320138E-9                     
        7900.   2.277463E-9                     
        7920.   2.250651E-9                     
        7940.   2.227367E-9                     
        7960.   2.194152E-9                     
        7980.   2.233734E-9                     
        8000.   2.256180E-9                     
        8020.   2.193169E-9                     
        8040.   2.212160E-9                     
        8060.   2.247413E-9                     
        8080.   2.241301E-9                     
        8100.   2.176179E-9                     
        8120.   2.263129E-9                     
        8140.   2.092759E-9                     
        8160.   1.961716E-9                     
        8180.   1.934030E-9                     
        8200.   2.167084E-9                     
        8220.   2.200664E-9                     
        8240.   2.068129E-9                     
        8260.   2.197171E-9                     
        8280.   2.085301E-9                     
        8300.   2.033604E-9                     
        8320.   2.036587E-9                     
        8340.   2.064818E-9                     
        8360.   2.084937E-9                     
        8380.   2.114332E-9                     
        8400.   2.129176E-9                     
        8420.   2.081808E-9                     
        8440.   2.020943E-9                     
        8460.   2.112950E-9                     
        8480.   2.003408E-9                     
        8500.   1.994022E-9                     
        8520.   2.045391E-9                     
        8540.   1.893684E-9                     
        8560.   1.887936E-9                     
        8580.   1.982344E-9                     
        8600.   2.023890E-9                     
        8620.   2.116915E-9                     
        8640.   2.132122E-9                     
        8660.   1.935704E-9                     
        8680.   1.868290E-9                     
        8700.   1.929628E-9                     
        8720.   1.954076E-9                     
        8740.   1.926426E-9                     
        8760.   1.944799E-9                     
        8780.   1.933121E-9                     
        8800.   1.901651E-9                     
        8820.   1.836384E-9                     
        8840.   1.933812E-9                     
        8860.   1.874620E-9                     
        8880.   1.856357E-9                     
        8900.   1.896667E-9                     
        8920.   1.859086E-9                     
        8940.   1.890774E-9                     
        8960.   1.802696E-9                     
        8980.   1.715492E-9                     
        9000.   1.707852E-9                     
        9020.   1.841150E-9                     
        9040.   2.012394E-9                     
        9060.   1.940360E-9                     
        9080.   1.750053E-9                     
        9100.   1.726406E-9                     
        9120.   1.698902E-9                     
        9140.   1.558218E-9                     
        9160.   1.614499E-9                     
        9180.   1.699048E-9                     
        9200.   1.735901E-9                     
        9220.   1.742632E-9                     
        9240.   1.653790E-9                     
        9260.   1.707124E-9                     
        9280.   1.931447E-9                     
        9300.   1.663176E-9                     
        9320.   1.413678E-9                     
        9340.   1.291257E-9                     
        9360.   1.293367E-9                     
        9380.   1.735174E-9                     
        9400.   2.010902E-9                     
        9420.   1.743941E-9                     
        9440.   1.642621E-9                     
        9460.   1.625813E-9                     
        9480.   1.761295E-9                     
        9500.   1.734300E-9                     
        9520.   1.736774E-9                     
        9540.   1.688243E-9                     
        9560.   1.740303E-9                     
        9580.   1.624940E-9                     
        9600.   1.530896E-9                     
        9620.   1.499536E-9                     
        9640.   1.532424E-9                     
        9660.   1.580483E-9                     
        9680.   1.624504E-9                     
        9700.   1.606095E-9                     
        9720.   1.605368E-9                     
        9740.   1.489495E-9                     
        9760.   1.415133E-9                     
        9780.   1.410586E-9                     
        9800.   1.502338E-9                     
        9820.   1.436816E-9                     
        9840.   1.495789E-9                     
        9860.   1.442128E-9                     
        9880.   1.505175E-9                     
        9900.   1.481164E-9                     
        9920.   1.469559E-9                     
        9940.   1.440236E-9                     
        9960.   1.453369E-9                     
        9980.   1.437580E-9                     
       10000.   1.417534E-9                     
       10020.   1.464502E-9                     
       10040.   1.373441E-9                     
       10060.   1.327674E-9                     
       10080.   1.349575E-9                     
       10100.   1.374423E-9                     
       10120.   1.361508E-9                     
       10140.   1.319634E-9                     
       10160.   1.336879E-9                     
       10180.   1.318870E-9                     
       10200.   1.309520E-9                     
       10220.   1.349757E-9                     
       10240.   1.281398E-9                     
       10260.   1.307810E-9                     
       10280.   1.379880E-9                     
       10300.   1.352741E-9                     
       10320.   1.280270E-9                     
       10340.   1.323709E-9                     
       10360.   1.354596E-9                     
       10380.   1.355542E-9                     
       10400.   1.330985E-9                     
       10420.   1.354196E-9                     
       10440.   1.353141E-9                     
       10460.   1.292494E-9                     
       10480.   1.275541E-9                     
       10500.   1.395742E-9                     
       10520.   1.287765E-9                     
       10540.   1.280925E-9                     
       10560.   1.278997E-9                     
       10580.   1.257496E-9                     
       10600.   1.286964E-9                     
       10800.   1.245818E-9                     
       11000.   1.197141E-9                     
       11200.   1.143552E-9                     
       11400.   1.087562E-9                     
       11600.   1.031245E-9                     
       11800.  9.764921E-10                     
       12000.  9.246862E-10                     
       12200.  8.769184E-10                     
       12400.  8.342440E-10                     
       12600.  7.959352E-10                     
       12800.  7.638111E-10                     
       13000.  7.314323E-10                     
       13200.  7.054566E-10                     
       13400.  6.795536E-10                     
       13600.  6.507401E-10                     
       13800.  6.246916E-10                     
       14000.  6.016627E-10                     
       14200.  5.819807E-10                     
       14400.  5.624080E-10                     
       14600.  5.427988E-10                     
       14800.  5.231533E-10                     
       15000.  5.036533E-10                     
       15200.  4.842624E-10                     
       15400.  4.661449E-10                     
       15600.  4.504648E-10                     
       15800.  4.355124E-10                     
       16000.  4.255077E-10                     
       16200.  4.186318E-10                     
       16400.  4.054256E-10                     
       16600.  3.860348E-10                     
       16800.  3.729377E-10                     
       17000.  3.585092E-10                     
       17200.  3.428437E-10                     
       17400.  3.291354E-10                     
       17600.  3.142958E-10                     
       17800.  3.018245E-10                     
       18000.  2.894551E-10                     
       18200.  2.796651E-10                     
       18400.  2.692530E-10                     
       18600.  2.599723E-10                     
       18800.  2.508007E-10                     
       19000.  2.417310E-10                     
       19200.  2.319374E-10                     
       19400.  2.241046E-10                     
       19600.  2.162719E-10                     
       19800.  2.084355E-10                     
       20000.  2.018397E-10                     
       20200.  1.953457E-10                     
       20400.  1.887463E-10                     
       20600.  1.815866E-10                     
       20800.  1.750381E-10                     
       21000.  1.684386E-10                     
       21200.  1.619483E-10                     
       21400.  1.573062E-10                     
       21600.  1.519982E-10                     
       21800.  1.473561E-10                     
       22000.  1.428230E-10                     
       22200.  1.388539E-10                     
       22400.  1.342990E-10                     
       22600.  1.303263E-10                     
       22800.  1.263790E-10                     
       23000.  1.224608E-10                     
       23200.  1.185462E-10                     
       23400.  1.152465E-10                     
       23600.  1.125434E-10                     
       23800.  1.086034E-10                     
       24000.  1.053474E-10                     
       24200.  1.027098E-10                     
       24400.  9.945006E-11                     
       24600.  9.619400E-11                     
       24800.  9.359642E-11                     
       25000.  9.037310E-11                     
       25200.  8.836125E-11                     
       25400.  8.575275E-11                     
       25600.  8.315882E-11                     
