angstroms,flam
         229.            0.                   
         234.            0.                   
         243.            0.                   
         252.            0.                   
         256.            0.                   
         260.            0.                   
         266.            0.                   
         275.            0.                   
         283.            0.                   
         293.            0.                   
         301.            0.                   
         309.            0.                   
         325.            0.                   
         342.            0.                   
         351.            0.                   
         356.            0.                   
         365.            0.                   
         375.            0.                   
         384.            0.                   
         400.            0.                   
         415.            0.                   
         425.            0.                   
         445.            0.                   
         472.            0.                   
         494.            0.                   
         506.            0.                   
         516.            0.                   
         540.            0.                   
         564.            0.                   
         587.            0.                   
         612.            0.                   
         640.            0.                   
         671.            0.                   
         705.            0.                   
         736.            0.                   
         770.            0.                   
         810.            0.                   
         850.            0.                   
         890.            0.                   
         920.            0.                   
         940.            0.                   
         962.            0.                   
         987.            0.                   
        1012.            0.                   
        1037.            0.                   
        1062.            0.                   
        1087.            0.                   
        1112.            0.                   
        1120.            0.                   
        1140.            0.                   
        1160.            0.                   
        1180.            0.                   
        1200.            0.                   
        1220.            0.                   
        1240.            0.                   
        1260.            0.                   
        1280.            0.                   
        1300.            0.                   
        1320.            0.                   
        1340.            0.                   
        1360.            0.                   
        1380.            0.                   
        1400.            0.                   
        1420.            0.                   
        1440.            0.                   
        1460.            0.                   
        1480.            0.                   
        1500.            0.                   
        1520.            0.                   
        1540.            0.                   
        1560.            0.                   
        1580.            0.                   
        1600.            0.                   
        1620.            0.                   
        1640.            0.                   
        1660.            0.                   
        1680.            0.                   
        1700.            0.                   
        1720.            0.                   
        1740.            0.                   
        1760.            0.                   
        1780.            0.                   
        1800.            0.                   
        1820.            0.                   
        1840.            0.                   
        1860.            0.                   
        1880.            0.                   
        1900.            0.                   
        1920.            0.                   
        1940.            0.                   
        1960.            0.                   
        1980.            0.                   
        2000.  1.392291E-12                   
       2002.5  1.392291E-12                   
        2005.  1.455554E-12                   
       2007.5  1.485834E-12                   
        2010.  1.411577E-12                   
       2012.5  1.443902E-12                   
        2015.  1.535071E-12                   
       2017.5  1.598224E-12                   
        2020.  1.661377E-12                   
       2022.5  1.896129E-12                   
        2025.  2.015568E-12                   
       2027.5  1.917314E-12                   
        2030.  1.901644E-12                   
       2032.5  1.924875E-12                   
        2035.  1.887545E-12                   
       2037.5  1.809782E-12                   
        2040.  1.540550E-12                   
       2042.5  1.362706E-12                   
        2045.  1.322016E-12                   
       2047.5  1.289581E-12                   
        2050.  1.274642E-12                   
       2052.5  1.251667E-12                   
        2055.  1.248234E-12                   
       2057.5  1.411066E-12                   
        2060.  1.580363E-12                   
       2062.5  1.904749E-12                   
        2065.  2.132670E-12                   
       2067.5  2.237864E-12                   
        2070.  2.285932E-12                   
       2072.5  2.315956E-12                   
        2075.  2.425643E-12                   
       2077.5  2.560679E-12                   
        2080.  2.555712E-12                   
       2082.5  2.541942E-12                   
        2085.  2.518602E-12                   
       2087.5  2.487811E-12                   
        2090.  2.445769E-12                   
       2092.5  2.610975E-12                   
        2095.  2.801896E-12                   
       2097.5  2.888462E-12                   
        2100.  2.948913E-12                   
       2102.5  2.817675E-12                   
        2105.  2.708061E-12                   
       2107.5  2.625951E-12                   
        2110.  2.641511E-12                   
       2112.5  2.675736E-12                   
        2115.  2.765772E-12                   
       2117.5  2.866876E-12                   
        2120.  2.933206E-12                   
       2122.5  2.998186E-12                   
        2125.  3.062069E-12                   
       2127.5  3.188011E-12                   
        2130.  3.381159E-12                   
       2132.5  3.523135E-12                   
        2135.  3.547242E-12                   
       2137.5  3.286155E-12                   
        2140.  3.083693E-12                   
       2142.5  3.115726E-12                   
        2145.  3.121314E-12                   
       2147.5  3.102540E-12                   
        2150.  3.041725E-12                   
       2152.5  2.927326E-12                   
        2155.  2.926705E-12                   
       2157.5  2.980069E-12                   
        2160.  3.135815E-12                   
       2162.5  3.235056E-12                   
        2165.  3.037889E-12                   
       2167.5  3.031278E-12                   
        2170.  3.174423E-12                   
       2172.5  3.245100E-12                   
        2175.  3.312783E-12                   
       2177.5  3.322462E-12                   
        2180.  3.332178E-12                   
       2182.5  3.362312E-12                   
        2185.  3.407640E-12                   
       2187.5  3.463086E-12                   
        2190.  3.559551E-12                   
       2192.5  3.693856E-12                   
        2195.  3.955747E-12                   
       2197.5  4.127053E-12                   
        2200.  4.080665E-12                   
       2202.5  4.009439E-12                   
        2205.  3.858954E-12                   
       2207.5  3.683264E-12                   
        2210.  3.494974E-12                   
       2212.5  3.334954E-12                   
        2215.  3.174898E-12                   
       2217.5  2.961660E-12                   
        2220.  2.845544E-12                   
       2222.5  2.984963E-12                   
        2225.  3.225230E-12                   
       2227.5  3.512981E-12                   
        2230.  3.867720E-12                   
       2232.5  4.266947E-12                   
        2235.  4.642432E-12                   
       2237.5  5.002212E-12                   
        2240.  5.338980E-12                   
       2242.5  5.700220E-12                   
        2245.  6.112232E-12                   
       2247.5  6.409187E-12                   
        2250.  6.645143E-12                   
       2252.5  6.759834E-12                   
        2255.  6.873065E-12                   
       2257.5  6.947942E-12                   
        2260.  6.958535E-12                   
       2262.5  6.854801E-12                   
        2265.  6.683130E-12                   
       2267.5  6.489908E-12                   
        2270.  6.284633E-12                   
       2272.5  6.092873E-12                   
        2275.  6.126476E-12                   
       2277.5  6.104561E-12                   
        2280.  6.022743E-12                   
       2282.5  5.951518E-12                   
        2285.  5.895999E-12                   
       2287.5  5.808702E-12                   
        2290.  5.709352E-12                   
       2292.5  5.594295E-12                   
        2295.  5.470107E-12                   
       2297.5  5.279808E-12                   
        2300.  5.197260E-12                   
       2302.5  5.252048E-12                   
        2305.  5.226480E-12                   
       2307.5  5.185937E-12                   
        2310.  5.342267E-12                   
       2312.5  5.604522E-12                   
        2315.  6.099812E-12                   
       2317.5  6.541410E-12                   
        2320.  6.940637E-12                   
       2322.5  7.459669E-12                   
        2325.  8.109098E-12                   
       2327.5  8.861896E-12                   
        2330.  9.453614E-12                   
       2332.5  9.594969E-12                   
        2335.  9.735228E-12                   
       2337.5  9.870008E-12                   
        2340.  9.952192E-12                   
       2342.5  9.985795E-12                   
        2345.  9.764449E-12                   
       2347.5  9.520456E-12                   
        2350.  9.447405E-12                   
       2352.5  9.492697E-12                   
        2355.  9.808645E-12                   
       2357.5  9.939408E-12                   
        2360.  9.965706E-12                   
       2362.5  1.005081E-11                   
        2365.  1.018230E-11                   
       2367.5  1.028567E-11                   
        2370.  1.038794E-11                   
       2372.5  1.040402E-11                   
        2375.  1.041717E-11                   
       2377.5  1.046501E-11                   
        2380.  1.046830E-11                   
       2382.5  1.044200E-11                   
        2385.  1.038831E-11                   
       2387.5  1.030905E-11                   
        2390.  1.036639E-11                   
       2392.5  1.038612E-11                   
        2395.  1.030028E-11                   
       2397.5  1.014030E-11                   
        2400.  9.746916E-12                   
       2402.5  9.607388E-12                   
        2405.  9.605196E-12                   
       2407.5  9.464571E-12                   
        2410.  9.323947E-12                   
       2412.5  9.222041E-12                   
        2415.  9.236651E-12                   
       2417.5  9.545659E-12                   
        2420.  9.855033E-12                   
       2422.5  1.016477E-11                   
        2425.  1.072179E-11                   
       2427.5  1.144318E-11                   
        2430.  1.202211E-11                   
       2432.5  1.248489E-11                   
        2435.  1.277308E-11                   
       2437.5  1.298858E-11                   
        2440.  1.304812E-11                   
       2442.5  1.317121E-11                   
        2445.  1.335603E-11                   
       2447.5  1.380676E-11                   
        2450.  1.425639E-11                   
       2452.5  1.467936E-11                   
        2455.  1.501102E-11                   
       2457.5  1.518013E-11                   
        2460.  1.481743E-11                   
       2462.5  1.428635E-11                   
        2465.  1.396163E-11                   
       2467.5  1.374832E-11                   
        2470.  1.370412E-11                   
       2472.5  1.380895E-11                   
        2475.  1.407523E-11                   
       2477.5  1.410372E-11                   
        2480.  1.377571E-11                   
       2482.5  1.336626E-11                   
        2485.  1.288741E-11                   
       2487.5  1.221095E-11                   
        2490.  1.172004E-11                   
       2492.5  1.259155E-11                   
        2495.  1.319459E-11                   
       2497.5  1.345611E-11                   
        2500.  1.362011E-11                   
       2502.5  1.395067E-11                   
        2505.  1.427867E-11                   
       2507.5  1.439556E-11                   
        2510.  1.430936E-11                   
       2512.5  1.365591E-11                   
        2515.  1.319642E-11                   
       2517.5  1.261639E-11                   
        2520.  1.167986E-11                   
       2522.5  1.079229E-11                   
        2525.  1.219013E-11                   
       2527.5  1.454677E-11                   
        2530.  1.606881E-11                   
       2532.5  1.837432E-11                   
        2535.  2.157033E-11                   
       2537.5  2.327206E-11                   
        2540.  2.269678E-11                   
       2542.5  2.313546E-11                   
        2545.  2.388387E-11                   
       2547.5  2.440875E-11                   
        2550.  2.490915E-11                   
       2552.5  2.501361E-11                   
        2555.  2.487263E-11                   
       2557.5  2.411143E-11                   
        2560.  2.310076E-11                   
       2562.5  2.297036E-11                   
        2565.  2.358436E-11                   
       2567.5  2.478679E-11                   
        2570.  2.573537E-11                   
       2572.5  2.722197E-11                   
        2575.  2.436309E-11                   
       2577.5  2.224386E-11                   
        2580.  2.144541E-11                   
       2582.5  2.126789E-11                   
        2585.  2.082410E-11                   
       2587.5  2.278225E-11                   
        2590.  2.644725E-11                   
       2592.5  2.838860E-11                   
        2595.  2.921810E-11                   
       2597.5  2.929956E-11                   
        2600.  2.998222E-11                   
       2602.5  3.026822E-11                   
        2605.  3.001217E-11                   
       2607.5  2.970828E-11                   
        2610.  3.013782E-11                   
       2612.5  3.107252E-11                   
        2615.  3.107508E-11                   
       2617.5  3.138810E-11                   
        2620.  3.223696E-11                   
       2622.5  3.331776E-11                   
        2625.  3.384812E-11                   
       2627.5  3.553671E-11                   
        2630.  3.814392E-11                   
       2632.5  4.021128E-11                   
        2635.  4.356800E-11                   
       2637.5  4.952171E-11                   
        2640.  5.422259E-11                   
       2642.5  5.593200E-11                   
        2645.  5.699855E-11                   
       2647.5  5.777290E-11                   
        2650.  5.754279E-11                   
       2652.5  5.757931E-11                   
        2655.  5.886867E-11                   
       2657.5  6.058904E-11                   
        2660.  6.239707E-11                   
       2662.5  6.422701E-11                   
        2665.  6.598025E-11                   
       2667.5  6.521686E-11                   
        2670.  6.412474E-11                   
       2672.5  6.363895E-11                   
        2675.  6.322620E-11                   
       2677.5  6.262353E-11                   
        2680.  6.350380E-11                   
       2682.5  6.629072E-11                   
        2685.  6.650622E-11                   
       2687.5  6.565152E-11                   
        2690.  6.454844E-11                   
       2692.5  6.404072E-11                   
        2695.  6.284998E-11                   
       2697.5  6.300340E-11                   
        2700.  6.466898E-11                   
       2702.5  6.661945E-11                   
        2705.  6.937716E-11                   
       2707.5  7.212024E-11                   
        2710.  7.304434E-11                   
       2712.5  7.193031E-11                   
        2715.  6.935158E-11                   
       2717.5  6.469454E-11                   
        2720.  6.077167E-11                   
       2722.5  6.009229E-11                   
        2725.  6.198798E-11                   
       2727.5  6.496848E-11                   
        2730.  6.806222E-11                   
       2732.5  6.924566E-11                   
        2735.  6.668885E-11                   
       2737.5  6.277328E-11                   
        2740.  5.874448E-11                   
       2742.5  5.714465E-11                   
        2745.  5.707890E-11                   
       2747.5  5.962476E-11                   
        2750.  6.341614E-11                   
       2752.5  6.768600E-11                   
        2755.  7.200336E-11                   
       2757.5  7.610521E-11                   
        2760.  8.095584E-11                   
       2762.5  8.510152E-11                   
        2765.  8.723463E-11                   
       2767.5  8.970012E-11                   
        2770.  9.170904E-11                   
       2772.5  9.189898E-11                   
        2775.  9.035028E-11                   
       2777.5  8.838154E-11                   
        2780.  8.504308E-11                   
       2782.5  7.988563E-11                   
        2785.  7.466244E-11                   
       2787.5  7.115596E-11                   
        2790.  6.955978E-11                   
       2792.5  6.852245E-11                   
        2795.  6.735362E-11                   
       2797.5  6.742302E-11                   
        2800.  6.848592E-11                   
       2802.5  6.758008E-11                   
        2805.  6.702489E-11                   
       2807.5  6.878909E-11                   
        2810.  7.520667E-11                   
       2812.5  8.241322E-11                   
        2815.  8.970012E-11                   
       2817.5  9.779424E-11                   
        2820.  1.063705E-10                   
       2822.5  1.098879E-10                   
        2825.  1.114439E-10                   
       2827.5  1.114184E-10                   
        2830.  1.107646E-10                   
       2832.5  1.095629E-10                   
        2835.  1.097309E-10                   
       2837.5  1.079192E-10                   
        2840.  1.010450E-10                   
       2842.5  9.387868E-11                   
        2845.  8.223424E-11                   
       2847.5  6.779558E-11                   
        2850.  5.499694E-11                   
       2852.5  5.094987E-11                   
        2855.  5.186302E-11                   
       2857.5  5.836461E-11                   
        2860.  7.079801E-11                   
       2862.5  8.971473E-11                   
        2865.  1.052711E-10                   
       2867.5  1.171858E-10                   
        2870.  1.279354E-10                   
       2872.5  1.346342E-10                   
        2875.  1.298712E-10                   
       2877.5  1.309853E-10                   
        2880.  1.349264E-10                   
       2882.5  1.418188E-10                   
        2885.  1.543253E-10                   
       2887.5  1.705172E-10                   
        2890.  1.904749E-10                   
       2892.5  2.085004E-10                   
        2895.  2.282718E-10                   
       2897.5  2.517835E-10                   
        2900.  2.767415E-10                   
       2902.5  2.914761E-10                   
        2905.  3.003993E-10                   
       2907.5  3.044354E-10                   
        2910.  3.063458E-10                   
       2912.5  3.078798E-10                   
        2915.  3.132528E-10                   
       2917.5  3.155320E-10                   
        2920.  3.096586E-10                   
       2922.5  3.011408E-10                   
        2925.  2.947634E-10                   
       2927.5  2.946319E-10                   
        2930.  2.950081E-10                   
       2932.5  2.973348E-10                   
        2935.  2.980179E-10                   
       2937.5  3.000341E-10                   
        2940.  2.978389E-10                   
       2942.5  2.870382E-10                   
        2945.  2.838203E-10                   
       2947.5  2.873304E-10                   
        2950.  2.993328E-10                   
       2952.5  3.021745E-10                   
        2955.  3.098595E-10                   
       2957.5  3.134610E-10                   
        2960.  3.062654E-10                   
       2962.5  2.885285E-10                   
        2965.  2.601479E-10                   
       2967.5  2.403399E-10                   
        2970.  2.348464E-10                   
       2972.5  2.471630E-10                   
        2975.  2.656414E-10                   
       2977.5  2.783304E-10                   
        2980.  2.781076E-10                   
       2982.5  2.691332E-10                   
        2985.  2.590448E-10                   
       2987.5  2.470315E-10                   
        2990.  2.419398E-10                   
       2992.5  2.464909E-10                   
        2995.  2.407381E-10                   
       2997.5  2.283120E-10                   
        3000.  2.142130E-10                   
       3002.5  2.030617E-10                   
        3005.  2.012171E-10                   
       3007.5  2.095888E-10                   
        3010.  2.212223E-10                   
       3012.5  2.268473E-10                   
        3015.  2.252584E-10                   
       3017.5  2.187130E-10                   
        3020.  2.165251E-10                   
       3022.5  2.259086E-10                   
        3025.  2.430940E-10                   
       3027.5  2.820634E-10                   
        3030.  3.239585E-10                   
       3032.5  3.536065E-10                   
        3035.  3.572993E-10                   
       3037.5  3.564446E-10                   
        3040.  3.504507E-10                   
       3042.5  3.429081E-10                   
        3045.  3.479596E-10                   
       3047.5  3.633443E-10                   
        3050.  3.735861E-10                   
       3052.5  3.723077E-10                   
        3055.  3.604003E-10                   
       3057.5  3.443545E-10                   
        3060.  3.277426E-10                   
       3062.5  3.146700E-10                   
        3065.  3.191225E-10                   
       3067.5  3.413229E-10                   
        3070.  3.655139E-10                   
       3072.5  3.894018E-10                   
        3075.  4.113904E-10                   
       3077.5  4.291054E-10                   
        3080.  4.430948E-10                   
       3082.5  4.531759E-10                   
        3085.  4.484640E-10                   
       3087.5  4.330137E-10                   
        3090.  4.148238E-10                   
       3092.5  3.881599E-10                   
        3095.  3.592571E-10                   
       3097.5  3.567441E-10                   
        3100.  3.787728E-10                   
       3102.5  4.172345E-10                   
        3105.  4.737765E-10                   
       3107.5  5.375506E-10                   
        3110.  5.810163E-10                   
       3112.5  5.978912E-10                   
        3115.  5.865317E-10                   
       3117.5  5.596487E-10                   
        3120.  5.260449E-10                   
       3122.5  4.997464E-10                   
        3125.  4.842594E-10                   
       3127.5  4.865605E-10                   
        3130.  4.947788E-10                   
       3132.5  5.123478E-10                   
        3135.  5.342632E-10                   
       3137.5  5.517226E-10                   
        3140.  5.558865E-10                   
       3142.5  5.526723E-10                   
        3145.  5.523070E-10                   
       3147.5  5.524531E-10                   
        3150.  5.475951E-10                   
       3152.5  5.401073E-10                   
        3155.  5.260815E-10                   
       3157.5  5.101562E-10                   
        3160.  4.938291E-10                   
       3162.5  4.996003E-10                   
        3165.  5.236707E-10                   
       3167.5  5.695837E-10                   
        3170.  6.214869E-10                   
       3172.5  6.653910E-10                   
        3175.  6.800013E-10                   
       3177.5  6.534835E-10                   
        3180.  6.307645E-10                   
       3182.5  6.108579E-10                   
        3185.  5.971607E-10                   
       3187.5  5.861299E-10                   
        3190.  5.996810E-10                   
       3192.5  6.120632E-10                   
        3195.  6.119171E-10                   
       3197.5  6.149488E-10                   
        3200.  6.291208E-10                   
       3202.5  6.218157E-10                   
        3205.  6.144740E-10                   
       3207.5  6.071688E-10                   
        3210.  5.998271E-10                   
       3212.5  5.925219E-10                   
        3215.  5.851802E-10                   
       3217.5  5.778386E-10                   
        3220.  5.705334E-10                   
       3222.5  5.909879E-10                   
        3225.  6.114789E-10                   
       3227.5  6.319333E-10                   
        3230.  6.523878E-10                   
       3232.5  6.728788E-10                   
        3235.  6.933332E-10                   
       3237.5  7.137876E-10                   
        3240.  7.342786E-10                   
        3260.  9.110271E-10                   
        3270.   1.026303E-9                   
        3280.  9.099314E-10                   
        3290.  9.703085E-10                   
        3300.   1.123534E-9                   
        3310.   1.015564E-9                   
        3320.  9.498541E-10                   
        3330.  9.793304E-10                   
        3340.  9.310432E-10                   
        3350.  9.823621E-10                   
        3360.  8.903169E-10                   
        3370.  7.682112E-10                   
        3380.  8.503943E-10                   
        3390.  9.700893E-10                   
        3400.   1.017208E-9                   
        3410.  9.479912E-10                   
        3420.  9.701989E-10                   
        3430.   1.014578E-9                   
        3440.  7.437388E-10                   
        3450.  8.095949E-10                   
        3460.  9.128899E-10                   
        3470.  8.621190E-10                   
        3480.  9.407591E-10                   
        3490.  8.867739E-10                   
        3500.   1.054099E-9                   
        3510.   1.082260E-9                   
        3520.  9.042698E-10                   
        3530.   1.015747E-9                   
        3540.   1.227743E-9                   
        3550.   1.159220E-9                   
        3560.  9.549677E-10                   
        3570.  8.105080E-10                   
        3580.  6.262718E-10                   
        3590.  7.221521E-10                   
        3600.   1.017719E-9                   
        3610.  9.704181E-10                   
        3620.  9.734863E-10                   
        3630.   1.024513E-9                   
        3640.   1.062390E-9                   
        3650.   1.209005E-9                   
        3660.   1.435940E-9                   
        3670.   1.515420E-9                   
        3680.   1.226245E-9                   
        3690.   1.299443E-9                   
        3700.   1.334544E-9                   
        3710.   1.258899E-9                   
        3720.   1.042849E-9                   
        3730.  7.791324E-10                   
        3740.  6.910686E-10                   
        3750.  8.400575E-10                   
        3760.  9.242860E-10                   
        3770.   1.160535E-9                   
        3780.   1.400510E-9                   
        3790.   1.208603E-9                   
        3800.   1.031708E-9                   
        3810.   1.033206E-9                   
        3820.  7.510075E-10                   
        3830.  5.714100E-10                   
        3840.  6.744859E-10                   
        3850.  7.738726E-10                   
        3860.  7.366163E-10                   
        3870.  7.851226E-10                   
        3880.  8.201144E-10                   
        3890.   1.008734E-9                   
        3900.   1.185117E-9                   
        3910.   1.313286E-9                   
        3920.   1.288558E-9                   
        3930.  9.071189E-10                   
        3940.  9.160677E-10                   
        3950.   1.335238E-9                   
        3960.   1.302292E-9                   
        3970.   1.063449E-9                   
        3980.   1.606479E-9                   
        3990.   2.137016E-9                   
        4000.   2.249772E-9                   
        4010.   2.373740E-9                   
        4020.   2.460818E-9                   
        4030.   2.283997E-9                   
        4040.   1.990657E-9                   
        4050.   2.160064E-9                   
        4060.   2.123867E-9                   
        4070.   2.008993E-9                   
        4080.   2.289037E-9                   
        4090.   2.604730E-9                   
        4100.   2.516191E-9                   
        4110.   2.492121E-9                   
        4120.   2.627778E-9                   
        4130.   2.448545E-9                   
        4140.   2.241919E-9                   
        4150.   2.211127E-9                   
        4160.   2.355660E-9                   
        4170.   2.359678E-9                   
        4180.   2.197321E-9                   
        4190.   2.241152E-9                   
        4200.   2.270737E-9                   
        4210.   2.387657E-9                   
        4220.   2.203201E-9                   
        4230.   2.151882E-9                   
        4240.   2.406467E-9                   
        4250.   2.416001E-9                   
        4260.   2.361285E-9                   
        4270.   2.299118E-9                   
        4280.   2.220587E-9                   
        4290.   2.280782E-9                   
        4300.   1.944416E-9                   
        4310.   2.167077E-9                   
        4320.   2.592749E-9                   
        4330.   2.876007E-9                   
        4340.   3.042419E-9                   
        4350.   2.955195E-9                   
        4360.   3.098048E-9                   
        4370.   3.004286E-9                   
        4380.   2.551694E-9                   
        4390.   2.601077E-9                   
        4400.   2.676393E-9                   
        4410.   2.709887E-9                   
        4420.   2.976416E-9                   
        4430.   2.996396E-9                   
        4440.   3.059987E-9                   
        4450.   3.029415E-9                   
        4460.   2.926084E-9                   
        4470.   3.191152E-9                   
        4480.   3.428387E-9                   
        4490.   3.320124E-9                   
        4500.   3.540960E-9                   
        4510.   3.724904E-9                   
        4520.   3.501548E-9                   
        4530.   3.255291E-9                   
        4540.   3.363152E-9                   
        4550.   3.499430E-9                   
        4560.   3.592972E-9                   
        4570.   3.750837E-9                   
        4580.   3.630923E-9                   
        4590.   3.544539E-9                   
        4600.   3.592096E-9                   
        4610.   3.671576E-9                   
        4620.   3.759968E-9                   
        4630.   3.786267E-9                   
        4640.   3.571641E-9                   
        4650.   3.553196E-9                   
        4660.   3.573248E-9                   
        4670.   3.543188E-9                   
        4680.   3.621280E-9                   
        4690.   3.636073E-9                   
        4700.   3.496617E-9                   
        4710.   3.502754E-9                   
        4720.   3.744993E-9                   
        4730.   3.715772E-9                   
        4740.   3.727461E-9                   
        4750.   3.792111E-9                   
        4760.   3.665001E-9                   
        4770.   3.740975E-9                   
        4780.   3.755951E-9                   
        4790.   3.813661E-9                   
        4800.   3.856031E-9                   
        4810.   3.936753E-9                   
        4820.   3.922874E-9                   
        4830.   3.808913E-9                   
        4840.   3.781154E-9                   
        4850.   3.765448E-9                   
        4860.   3.543991E-9                   
        4870.   3.373635E-9                   
        4880.   3.486098E-9                   
        4890.   3.565578E-9                   
        4900.   3.654044E-9                   
        4910.   3.652071E-9                   
        4920.   3.394820E-9                   
        4930.   3.417100E-9                   
        4940.   3.613281E-9                   
        4950.   3.583768E-9                   
        4960.   3.527409E-9                   
        4970.   3.725634E-9                   
        4980.   3.460639E-9                   
        4990.   3.394674E-9                   
        5000.   3.385981E-9                   
        5010.   3.160360E-9                   
        5020.   3.252515E-9                   
        5030.   3.451398E-9                   
        5040.   3.367389E-9                   
        5050.   3.352742E-9                   
        5060.   3.411439E-9                   
        5070.   3.388501E-9                   
        5080.   3.248388E-9                   
        5090.   3.361910E-9                   
        5100.   3.295871E-9                   
        5110.   3.378566E-9                   
        5120.   3.335757E-9                   
        5130.   3.199261E-9                   
        5140.   3.157840E-9                   
        5150.   3.191627E-9                   
        5160.   3.042638E-9                   
        5170.   2.626608E-9                   
        5180.   2.518931E-9                   
        5190.   2.845289E-9                   
        5200.   3.123177E-9                   
        5210.   3.118538E-9                   
        5220.   3.336232E-9                   
        5230.   3.363225E-9                   
        5240.   3.541069E-9                   
        5250.   3.628622E-9                   
        5260.   3.269646E-9                   
        5270.   3.013161E-9                   
        5280.   3.368265E-9                   
        5290.   3.591767E-9                   
        5300.   3.631946E-9                   
        5310.   3.770926E-9                   
        5320.   3.581941E-9                   
        5330.   3.395514E-9                   
        5340.   3.559040E-9                   
        5350.   3.646154E-9                   
        5360.   3.741706E-9                   
        5370.   3.624823E-9                   
        5380.   3.648126E-9                   
        5390.   3.611674E-9                   
        5400.   3.412316E-9                   
        5410.   3.396682E-9                   
        5420.   3.628841E-9                   
        5430.   3.580882E-9                   
        5440.   3.629937E-9                   
        5450.   3.711024E-9                   
        5460.   3.780423E-9                   
        5470.   3.685821E-9                   
        5480.   3.629242E-9                   
        5490.   3.688013E-9                   
        5500.   3.780788E-9                   
        5510.   3.701162E-9                   
        5520.   3.768004E-9                   
        5530.   3.856031E-9                   
        5540.   3.831194E-9                   
        5550.   3.968531E-9                   
        5560.   3.915203E-9                   
        5570.   3.746819E-9                   
        5580.   3.747915E-9                   
        5590.   3.666828E-9                   
        5600.   3.561962E-9                   
        5610.   3.810009E-9                   
        5620.   3.873929E-9                   
        5630.   3.765813E-9                   
        5640.   3.915933E-9                   
        5650.   3.843247E-9                   
        5660.   3.937119E-9                   
        5670.   3.802338E-9                   
        5680.   3.940041E-9                   
        5690.   3.909359E-9                   
        5700.   3.837768E-9                   
        5710.   3.786632E-9                   
        5720.   3.905706E-9                   
        5730.   3.979854E-9                   
        5740.   4.016745E-9                   
        5760.   3.952094E-9                   
        5780.   3.974740E-9                   
        5800.   3.920682E-9                   
        5820.   4.041217E-9                   
        5840.   4.098198E-9                   
        5860.   3.927987E-9                   
        5880.   3.718694E-9                   
        5900.   3.705910E-9                   
        5920.   3.911916E-9                   
        5940.   4.033547E-9                   
        5960.   4.066055E-9                   
        5980.   4.026242E-9                   
        6000.   3.944059E-9                   
        6020.   3.890366E-9                   
        6040.   3.904245E-9                   
        6060.   4.017475E-9                   
        6080.   3.945885E-9                   
        6100.   3.881599E-9                   
        6120.   3.835577E-9                   
        6140.   3.819141E-9                   
        6160.   3.674863E-9                   
        6180.   3.717964E-9                   
        6200.   3.846535E-9                   
        6220.   3.779327E-9                   
        6240.   3.735131E-9                   
        6260.   3.767639E-9                   
        6280.   3.751933E-9                   
        6300.   3.795399E-9                   
        6320.   3.796494E-9                   
        6340.   3.775309E-9                   
        6360.   3.762525E-9                   
        6380.   3.788093E-9                   
        6400.   3.677785E-9                   
        6420.   3.670845E-9                   
        6440.   3.749741E-9                   
        6460.   3.705545E-9                   
        6480.   3.701162E-9                   
        6500.   3.681073E-9                   
        6520.   3.713216E-9                   
        6540.   3.734765E-9                   
        6560.   3.634612E-9                   
        6580.   3.597136E-9                   
        6600.   3.735861E-9                   
        6620.   3.728556E-9                   
        6640.   3.683629E-9                   
        6660.   3.653678E-9                   
        6680.   3.669384E-9                   
        6700.   3.595383E-9                   
        6720.   3.586398E-9                   
        6740.   3.572372E-9                   
        6760.   3.461589E-9                   
        6780.   3.520797E-9                   
        6800.   3.512214E-9                   
        6820.   3.551260E-9                   
        6840.   3.570801E-9                   
        6860.   3.413339E-9                   
        6880.   3.294885E-9                   
        6900.   3.317933E-9                   
        6920.   3.342734E-9                   
        6940.   3.383314E-9                   
        6960.   3.402819E-9                   
        6980.   3.349162E-9                   
        7000.   3.357308E-9                   
        7020.   3.308875E-9                   
        7040.   3.346021E-9                   
        7060.   3.389524E-9                   
        7080.   3.372612E-9                   
        7100.   3.338205E-9                   
        7120.   3.284439E-9                   
        7140.   3.244370E-9                   
        7160.   3.399385E-9                   
        7180.   3.419182E-9                   
        7200.   3.239768E-9                   
        7220.   3.266395E-9                   
        7240.   3.288712E-9                   
        7260.   3.245283E-9                   
        7280.   3.231586E-9                   
        7300.   3.170332E-9                   
        7320.   3.186148E-9                   
        7340.   3.178989E-9                   
        7360.   3.159703E-9                   
        7380.   3.163136E-9                   
        7400.   3.166241E-9                   
        7420.   3.183445E-9                   
        7440.   3.180413E-9                   
        7460.   3.175190E-9                   
        7480.   3.104768E-9                   
        7500.   3.135559E-9                   
        7520.   3.171829E-9                   
        7540.   3.059403E-9                   
        7560.   3.025799E-9                   
        7580.   3.158607E-9                   
        7600.   2.711750E-9                   
        7620.   2.609587E-9                   
        7640.   2.907748E-9                   
        7660.   2.930321E-9                   
        7680.   2.888681E-9                   
        7700.   3.081428E-9                   
        7720.   3.108348E-9                   
        7740.   3.131249E-9                   
        7760.   3.146444E-9                   
        7780.   3.102759E-9                   
        7800.   3.070471E-9                   
        7820.   3.043843E-9                   
        7840.   3.031899E-9                   
        7860.   3.022001E-9                   
        7880.   3.001217E-9                   
        7900.   2.971814E-9                   
        7920.   2.910889E-9                   
        7940.   2.832980E-9                   
        7960.   2.885138E-9                   
        7980.   2.886380E-9                   
        8000.   2.906725E-9                   
        8020.   2.831774E-9                   
        8040.   2.888207E-9                   
        8060.   2.890910E-9                   
        8080.   2.846092E-9                   
        8100.   2.811685E-9                   
        8120.   2.907200E-9                   
        8140.   3.001729E-9                   
        8160.   2.890435E-9                   
        8180.   2.834879E-9                   
        8200.   2.774794E-9                   
        8220.   2.715403E-9                   
        8240.   2.792144E-9                   
        8260.   2.725009E-9                   
        8280.   2.708499E-9                   
        8300.   2.666495E-9                   
        8320.   2.671426E-9                   
        8340.   2.623504E-9                   
        8360.   2.699879E-9                   
        8380.   2.680594E-9                   
        8400.   2.774830E-9                   
        8420.   2.839883E-9                   
        8440.   2.712773E-9                   
        8460.   2.703020E-9                   
        8480.   2.633147E-9                   
        8500.   2.633037E-9                   
        8520.   2.532080E-9                   
        8540.   2.512721E-9                   
        8560.   2.488870E-9                   
        8580.   2.638516E-9                   
        8600.   2.636763E-9                   
        8620.   2.718617E-9                   
        8640.   2.618281E-9                   
        8660.   2.637311E-9                   
        8680.   2.483793E-9                   
        8700.   2.588220E-9                   
        8720.   2.604036E-9                   
        8740.   2.522400E-9                   
        8760.   2.518200E-9                   
        8780.   2.604510E-9                   
        8800.   2.452344E-9                   
        8820.   2.579563E-9                   
        8840.   2.495517E-9                   
        8860.   2.617039E-9                   
        8880.   2.593991E-9                   
        8900.   2.519405E-9                   
        8920.   2.623796E-9                   
        8940.   2.378854E-9                   
        8960.   2.673727E-9                   
        8980.   2.581938E-9                   
        9000.   2.528135E-9                   
        9020.   2.575509E-9                   
        9040.   2.600748E-9                   
        9060.   2.602903E-9                   
        9080.   2.421845E-9                   
        9100.   2.510310E-9                   
        9120.   2.440692E-9                   
        9140.   2.469767E-9                   
        9160.   2.410157E-9                   
        9180.   2.400952E-9                   
        9200.   2.457348E-9                   
        9220.   2.329252E-9                   
        9240.   2.327024E-9                   
        9260.   2.341525E-9                   
        9280.   2.277349E-9                   
        9300.   2.402230E-9                   
        9320.   2.524775E-9                   
        9340.   2.608054E-9                   
        9360.   2.479117E-9                   
        9380.   2.461074E-9                   
        9400.   2.548443E-9                   
        9420.   2.330202E-9                   
        9440.   2.229463E-9                   
        9460.   2.321654E-9                   
        9480.   2.489637E-9                   
        9500.   2.330457E-9                   
        9520.   2.657254E-9                   
        9540.   2.394998E-9                   
        9560.   2.562177E-9                   
        9580.   2.341232E-9                   
        9600.   2.342328E-9                   
        9620.   2.211566E-9                   
        9640.   2.184500E-9                   
        9660.   2.247909E-9                   
        9680.   2.322714E-9                   
        9700.   2.165799E-9                   
        9720.   2.118060E-9                   
        9740.   2.173688E-9                   
        9760.   2.200937E-9                   
        9780.   2.146659E-9                   
        9800.   2.188810E-9                   
        9820.   2.097057E-9                   
        9840.   2.134387E-9                   
        9860.   2.050450E-9                   
        9880.   2.060349E-9                   
        9900.   2.089350E-9                   
        9920.   2.148522E-9                   
        9940.   2.037776E-9                   
        9960.   2.040734E-9                   
        9980.   2.089350E-9                   
       10000.   2.090957E-9                   
       10020.   2.157800E-9                   
       10040.   2.054541E-9                   
       10060.   2.022362E-9                   
       10080.   2.104910E-9                   
       10100.   2.103047E-9                   
       10120.   1.949639E-9                   
       10140.   2.001323E-9                   
       10160.   1.983790E-9                   
       10180.   1.937403E-9                   
       10200.   1.934152E-9                   
       10220.   1.913770E-9                   
       10240.   1.867237E-9                   
       10260.   1.972687E-9                   
       10280.   1.956615E-9                   
       10300.   2.035803E-9                   
       10320.   2.004976E-9                   
       10340.   1.940215E-9                   
       10360.   2.074265E-9                   
       10380.   1.928344E-9                   
       10400.   2.004026E-9                   
       10420.   1.965674E-9                   
       10440.   1.994821E-9                   
       10460.   2.063234E-9                   
       10480.   1.974550E-9                   
       10500.   2.018308E-9                   
       10520.   1.970532E-9                   
       10540.   1.965162E-9                   
       10560.   1.976595E-9                   
       10580.   2.014728E-9                   
       10600.   1.962861E-9                   
       10800.   1.914793E-9                   
       11000.   1.851604E-9                   
       11200.   1.778369E-9                   
       11400.   1.699729E-9                   
       11600.   1.619884E-9                   
       11800.   1.542303E-9                   
       12000.   1.469945E-9                   
       12200.   1.405112E-9                   
       12400.   1.349775E-9                   
       12600.   1.305871E-9                   
       12800.   1.262844E-9                   
       13000.   1.229605E-9                   
       13200.   1.195088E-9                   
       13400.   1.159804E-9                   
       13600.   1.127004E-9                   
       13800.   1.093547E-9                   
       14000.   1.060783E-9                   
       14200.   1.021006E-9                   
       14400.  9.907265E-10                   
       14600.  9.662907E-10                   
       14800.  9.410513E-10                   
       15000.  9.215100E-10                   
       15200.  8.997041E-10                   
       15400.  8.749761E-10                   
       15600.  8.526588E-10                   
       15800.  8.331540E-10                   
       16000.  8.191282E-10                   
       16200.  8.006461E-10                   
       16400.  7.789132E-10                   
       16600.  7.511901E-10                   
       16800.  7.249645E-10                   
       17000.  7.006749E-10                   
       17200.  6.751799E-10                   
       17400.  6.484430E-10                   
       17600.  6.232037E-10                   
       17800.  6.012151E-10                   
       18000.  5.784595E-10                   
       18200.  5.579685E-10                   
       18400.  5.375140E-10                   
       18600.  5.182284E-10                   
       18800.  5.017552E-10                   
       19000.  4.859761E-10                   
       19200.  4.710005E-10                   
       19400.  4.545274E-10                   
       19600.  4.367758E-10                   
       19800.  4.210332E-10                   
       20000.  4.072995E-10                   
       20200.  3.938214E-10                   
       20400.  3.808548E-10                   
       20600.  3.690570E-10                   
       20800.  3.560793E-10                   
       21000.  3.423237E-10                   
       21200.  3.313367E-10                   
       21400.  3.203388E-10                   
       21600.  3.093372E-10                   
       21800.  2.983393E-10                   
       22000.  2.880938E-10                   
       22200.  2.786117E-10                   
       22400.  2.703605E-10                   
       22600.  2.607286E-10                   
       22800.  2.526309E-10                   
       23000.  2.431415E-10                   
       23200.  2.342657E-10                   
       23400.  2.267743E-10                   
       23600.  2.180482E-10                   
       23800.  2.105677E-10                   
       24000.  2.042962E-10                   
       24200.  1.974367E-10                   
       24400.  1.921697E-10                   
       24600.  1.869209E-10                   
       24800.  1.819205E-10                   
       25000.  1.771831E-10                   
       25200.  1.720622E-10                   
       25400.  1.679384E-10                   
