angstroms,flam
         229.            0.                   
         234.            0.                   
         243.            0.                   
         252.            0.                   
         256.            0.                   
         260.            0.                   
         266.            0.                   
         275.            0.                   
         283.            0.                   
         293.            0.                   
         301.            0.                   
         309.            0.                   
         325.            0.                   
         342.            0.                   
         351.            0.                   
         356.            0.                   
         365.            0.                   
         375.            0.                   
         384.            0.                   
         400.            0.                   
         415.            0.                   
         425.            0.                   
         445.            0.                   
         472.            0.                   
         494.            0.                   
         506.  3.495170E-26                   
         516.  7.448554E-26                   
         540.  3.950207E-25                   
         564.  1.826213E-24                   
         587.  7.184087E-24                   
         612.  2.932592E-23                   
         640.  1.292493E-22                   
         671.  6.074712E-22                   
         705.  2.964993E-21                   
         736.  1.140460E-20                   
         770.  4.496675E-20                   
         810.  1.975432E-19                   
         850.  7.593207E-19                   
         890.  2.585570E-18                   
         920.  3.335247E-16                   
         940.  1.343669E-15                   
         962.  2.290820E-15                   
         987.  4.167552E-15                   
        1012.  6.361827E-15                   
        1037.  9.077732E-15                   
        1062.  1.416361E-14                   
        1087.  2.029275E-14                   
        1112.  2.332390E-13                   
        1120.  2.598939E-13                   
        1140.  3.192091E-13                   
        1160.  4.287731E-13                   
        1180.  5.181587E-13                   
        1200.  5.241129E-13                   
        1220.  6.975143E-13                   
        1240.  4.048103E-12                   
        1260.  2.312116E-11                   
        1280.  7.321799E-11                   
        1300.  1.116169E-10                   
        1320.  1.553015E-10                   
        1340.  2.029385E-10                   
        1360.  1.949387E-10                   
        1380.  2.155884E-10                   
        1400.  2.337760E-10                   
        1420.  2.487965E-10                   
        1440.  2.956883E-10                   
        1460.  3.844274E-10                   
        1480.  3.735784E-10                   
        1500.  4.228189E-10                   
        1520.  7.950458E-10                   
        1540.   1.007460E-9                   
        1560.  7.920504E-10                   
        1580.   1.130232E-9                   
        1600.   1.384362E-9                   
        1620.   1.536869E-9                   
        1640.   1.572740E-9                   
        1660.   1.629250E-9                   
        1680.   1.641524E-9                   
        1700.   1.889371E-9                   
        1720.   2.403657E-9                   
        1740.   2.529243E-9                   
        1760.   3.109610E-9                   
        1780.   3.136531E-9                   
        1800.   3.498311E-9                   
        1820.   3.046817E-9                   
        1840.   2.861142E-9                   
        1860.   3.136531E-9                   
        1880.   3.166412E-9                   
        1900.   3.229204E-9                   
        1920.   3.256126E-9                   
        1940.   3.199324E-9                   
        1960.   3.256126E-9                   
        1980.   3.136531E-9                   
        2000.   2.849489E-9                   
       2002.5   2.841270E-9                   
        2005.   2.833051E-9                   
       2007.5   2.824833E-9                   
        2010.   2.816577E-9                   
       2012.5   2.808358E-9                   
        2015.   2.800139E-9                   
       2017.5   2.791920E-9                   
        2020.   2.783701E-9                   
       2022.5   2.795646E-9                   
        2025.   2.807627E-9                   
       2027.5   2.819572E-9                   
        2030.   2.831554E-9                   
       2032.5   2.843499E-9                   
        2035.   2.855443E-9                   
       2037.5   2.867425E-9                   
        2040.   2.879370E-9                   
       2042.5   2.867754E-9                   
        2045.   2.856138E-9                   
       2047.5   2.844521E-9                   
        2050.   2.832869E-9                   
       2052.5   2.821253E-9                   
        2055.   2.809637E-9                   
       2057.5   2.798020E-9                   
        2060.   2.786404E-9                   
       2062.5   2.810696E-9                   
        2065.   2.834988E-9                   
       2067.5   2.859279E-9                   
        2070.   2.883570E-9                   
       2072.5   2.907862E-9                   
        2075.   2.932154E-9                   
       2077.5   2.956445E-9                   
        2080.   2.980737E-9                   
       2082.5   2.948226E-9                   
        2085.   2.915716E-9                   
       2087.5   2.883205E-9                   
        2090.   2.850695E-9                   
       2092.5   2.818148E-9                   
        2095.   2.785637E-9                   
       2097.5   2.753127E-9                   
        2100.   2.720616E-9                   
       2102.5   2.706808E-9                   
        2105.   2.693037E-9                   
       2107.5   2.679229E-9                   
        2110.   2.665458E-9                   
       2112.5   2.651650E-9                   
        2115.   2.637879E-9                   
       2117.5   2.624071E-9                   
        2120.   2.610300E-9                   
       2122.5   2.574392E-9                   
        2125.   2.538521E-9                   
       2127.5   2.502650E-9                   
        2130.   2.466742E-9                   
       2132.5   2.430871E-9                   
        2135.   2.395000E-9                   
       2137.5   2.359129E-9                   
        2140.   2.323258E-9                   
       2142.5   2.328847E-9                   
        2145.   2.334436E-9                   
       2147.5   2.340061E-9                   
        2150.   2.345650E-9                   
       2152.5   2.351275E-9                   
        2155.   2.356864E-9                   
       2157.5   2.362490E-9                   
        2160.   2.368078E-9                   
       2162.5   2.368845E-9                   
        2165.   2.369576E-9                   
       2167.5   2.370343E-9                   
        2170.   2.371074E-9                   
       2172.5   2.371841E-9                   
        2175.   2.372571E-9                   
       2177.5   2.373338E-9                   
        2180.   2.374069E-9                   
       2182.5   2.384151E-9                   
        2185.   2.394233E-9                   
       2187.5   2.404351E-9                   
        2190.   2.414433E-9                   
       2192.5   2.424515E-9                   
        2195.   2.434634E-9                   
       2197.5   2.444715E-9                   
        2200.   2.454797E-9                   
       2202.5   2.437958E-9                   
        2205.   2.421081E-9                   
       2207.5   2.404242E-9                   
        2210.   2.387365E-9                   
       2212.5   2.370526E-9                   
        2215.   2.353649E-9                   
       2217.5   2.336810E-9                   
        2220.   2.319970E-9                   
       2222.5   2.307623E-9                   
        2225.   2.295277E-9                   
       2227.5   2.282967E-9                   
        2230.   2.270620E-9                   
       2232.5   2.258273E-9                   
        2235.   2.245963E-9                   
       2237.5   2.233616E-9                   
        2240.   2.221270E-9                   
       2242.5   2.207462E-9                   
        2245.   2.193618E-9                   
       2247.5   2.179773E-9                   
        2250.   2.165966E-9                   
       2252.5   2.152121E-9                   
        2255.   2.138313E-9                   
       2257.5   2.124469E-9                   
        2260.   2.110661E-9                   
       2262.5   2.128268E-9                   
        2265.   2.145838E-9                   
       2267.5   2.163445E-9                   
        2270.   2.181052E-9                   
       2272.5   2.198659E-9                   
        2275.   2.216265E-9                   
       2277.5   2.233872E-9                   
        2280.   2.251479E-9                   
       2282.5   2.239534E-9                   
        2285.   2.227553E-9                   
       2287.5   2.215608E-9                   
        2290.   2.203626E-9                   
       2292.5   2.191682E-9                   
        2295.   2.179737E-9                   
       2297.5   2.167756E-9                   
        2300.   2.155811E-9                   
       2302.5   2.134112E-9                   
        2305.   2.112451E-9                   
       2307.5   2.090753E-9                   
        2310.   2.069092E-9                   
       2312.5   2.047393E-9                   
        2315.   2.025732E-9                   
       2317.5   2.004070E-9                   
        2320.   1.982372E-9                   
       2322.5   1.965533E-9                   
        2325.   1.948657E-9                   
       2327.5   1.931817E-9                   
        2330.   1.914941E-9                   
       2332.5   1.898101E-9                   
        2335.   1.881225E-9                   
       2337.5   1.864385E-9                   
        2340.   1.847509E-9                   
       2342.5   1.836331E-9                   
        2345.   1.825117E-9                   
       2347.5   1.813902E-9                   
        2350.   1.802688E-9                   
       2352.5   1.791474E-9                   
        2355.   1.780259E-9                   
       2357.5   1.769045E-9                   
        2360.   1.757831E-9                   
       2362.5   1.755968E-9                   
        2365.   1.754105E-9                   
       2367.5   1.752206E-9                   
        2370.   1.750343E-9                   
       2372.5   1.748480E-9                   
        2375.   1.746617E-9                   
       2377.5   1.744754E-9                   
        2380.   1.742891E-9                   
       2382.5   1.727549E-9                   
        2385.   1.712243E-9                   
       2387.5   1.696901E-9                   
        2390.   1.681596E-9                   
       2392.5   1.666254E-9                   
        2395.   1.650948E-9                   
       2397.5   1.635606E-9                   
        2400.   1.620301E-9                   
       2402.5   1.640099E-9                   
        2405.   1.659898E-9                   
       2407.5   1.679733E-9                   
        2410.   1.699531E-9                   
       2412.5   1.719330E-9                   
        2415.   1.739128E-9                   
       2417.5   1.758963E-9                   
        2420.   1.778762E-9                   
       2422.5   1.811674E-9                   
        2425.   1.844623E-9                   
       2427.5   1.877535E-9                   
        2430.   1.910484E-9                   
       2432.5   1.943396E-9                   
        2435.   1.976309E-9                   
       2437.5   2.009258E-9                   
        2440.   2.042170E-9                   
       2442.5   2.041768E-9                   
        2445.   2.041366E-9                   
       2447.5   2.040965E-9                   
        2450.   2.040526E-9                   
       2452.5   2.040124E-9                   
        2455.   2.039722E-9                   
       2457.5   2.039284E-9                   
        2460.   2.038882E-9                   
       2462.5   2.026609E-9                   
        2465.   2.014299E-9                   
       2467.5   2.001988E-9                   
        2470.   1.989715E-9                   
       2472.5   1.977404E-9                   
        2475.   1.965095E-9                   
       2477.5   1.952821E-9                   
        2480.   1.940511E-9                   
       2482.5   1.959944E-9                   
        2485.   1.979377E-9                   
       2487.5   1.998810E-9                   
        2490.   2.018244E-9                   
       2492.5   2.037677E-9                   
        2495.   2.057147E-9                   
       2497.5   2.076543E-9                   
        2500.   2.096013E-9                   
       2502.5   2.077310E-9                   
        2505.   2.058608E-9                   
       2507.5   2.039942E-9                   
        2510.   2.021239E-9                   
       2512.5   2.002573E-9                   
        2515.   1.983870E-9                   
       2517.5   1.965168E-9                   
        2520.   1.946501E-9                   
       2522.5   1.903142E-9                   
        2525.   1.859782E-9                   
       2527.5   1.816423E-9                   
        2530.   1.773063E-9                   
       2532.5   1.729704E-9                   
        2535.   1.686381E-9                   
       2537.5   1.643021E-9                   
        2540.   1.599662E-9                   
       2542.5   1.640026E-9                   
        2545.   1.680390E-9                   
       2547.5   1.720755E-9                   
        2550.   1.761119E-9                   
       2552.5   1.801483E-9                   
        2555.   1.841847E-9                   
       2557.5   1.882211E-9                   
        2560.   1.922575E-9                   
       2562.5   1.956218E-9                   
        2565.   1.989861E-9                   
       2567.5   2.023504E-9                   
        2570.   2.057147E-9                   
       2572.5   2.090753E-9                   
        2575.   2.124396E-9                   
       2577.5   2.158039E-9                   
        2580.   2.191682E-9                   
       2582.5   2.181563E-9                   
        2585.   2.171408E-9                   
       2587.5   2.161290E-9                   
        2590.   2.151171E-9                   
       2592.5   2.141016E-9                   
        2595.   2.130898E-9                   
       2597.5   2.120779E-9                   
        2600.   2.110661E-9                   
       2602.5   2.104342E-9                   
        2605.   2.098022E-9                   
       2607.5   2.091703E-9                   
        2610.   2.085383E-9                   
       2612.5   2.079064E-9                   
        2615.   2.072744E-9                   
       2617.5   2.066425E-9                   
        2620.   2.060105E-9                   
       2622.5   2.118369E-9                   
        2625.   2.176668E-9                   
       2627.5   2.234931E-9                   
        2630.   2.293195E-9                   
       2632.5   2.351458E-9                   
        2635.   2.409721E-9                   
       2637.5   2.467984E-9                   
        2640.   2.526247E-9                   
       2642.5   2.523690E-9                   
        2645.   2.521097E-9                   
       2647.5   2.518540E-9                   
        2650.   2.515946E-9                   
       2652.5   2.513353E-9                   
        2655.   2.510796E-9                   
       2657.5   2.508202E-9                   
        2660.   2.505645E-9                   
       2662.5   2.495490E-9                   
        2665.   2.485372E-9                   
       2667.5   2.475254E-9                   
        2670.   2.465135E-9                   
       2672.5   2.454980E-9                   
        2675.   2.444862E-9                   
       2677.5   2.434743E-9                   
        2680.   2.424588E-9                   
       2682.5   2.418999E-9                   
        2685.   2.413374E-9                   
       2687.5   2.407785E-9                   
        2690.   2.402160E-9                   
       2692.5   2.396571E-9                   
        2695.   2.390945E-9                   
       2697.5   2.385356E-9                   
        2700.   2.379731E-9                   
       2702.5   2.384224E-9                   
        2705.   2.388717E-9                   
       2707.5   2.393210E-9                   
        2710.   2.397703E-9                   
       2712.5   2.402160E-9                   
        2715.   2.406653E-9                   
       2717.5   2.411146E-9                   
        2720.   2.415639E-9                   
       2722.5   2.383165E-9                   
        2725.   2.350691E-9                   
       2727.5   2.318180E-9                   
        2730.   2.285707E-9                   
       2732.5   2.253232E-9                   
        2735.   2.220758E-9                   
       2737.5   2.188284E-9                   
        2740.   2.155811E-9                   
       2742.5   2.158733E-9                   
        2745.   2.161692E-9                   
       2747.5   2.164650E-9                   
        2750.   2.167609E-9                   
       2752.5   2.170568E-9                   
        2755.   2.173527E-9                   
       2757.5   2.176486E-9                   
        2760.   2.179408E-9                   
       2762.5   2.166769E-9                   
        2765.   2.154094E-9                   
       2767.5   2.141418E-9                   
        2770.   2.128743E-9                   
       2772.5   2.116067E-9                   
        2775.   2.103392E-9                   
       2777.5   2.090716E-9                   
        2780.   2.078041E-9                   
       2782.5   2.064964E-9                   
        2785.   2.051886E-9                   
       2787.5   2.038809E-9                   
        2790.   2.025732E-9                   
       2792.5   2.012655E-9                   
        2795.   1.999578E-9                   
       2797.5   1.986500E-9                   
        2800.   1.973423E-9                   
       2802.5   2.018974E-9                   
        2805.   2.064525E-9                   
       2807.5   2.110077E-9                   
        2810.   2.155664E-9                   
       2812.5   2.201216E-9                   
        2815.   2.246767E-9                   
       2817.5   2.292318E-9                   
        2820.   2.337906E-9                   
       2822.5   2.358873E-9                   
        2825.   2.379841E-9                   
       2827.5   2.400808E-9                   
        2830.   2.421775E-9                   
       2832.5   2.442743E-9                   
        2835.   2.463710E-9                   
       2837.5   2.484678E-9                   
        2840.   2.505645E-9                   
       2842.5   2.487637E-9                   
        2845.   2.469665E-9                   
       2847.5   2.451692E-9                   
        2850.   2.433720E-9                   
       2852.5   2.415748E-9                   
        2855.   2.397776E-9                   
       2857.5   2.379767E-9                   
        2860.   2.361796E-9                   
       2862.5   2.368553E-9                   
        2865.   2.375275E-9                   
       2867.5   2.381996E-9                   
        2870.   2.388717E-9                   
       2872.5   2.395438E-9                   
        2875.   2.402160E-9                   
       2877.5   2.408917E-9                   
        2880.   2.415639E-9                   
       2882.5   2.429446E-9                   
        2885.   2.443291E-9                   
       2887.5   2.457099E-9                   
        2890.   2.470943E-9                   
       2892.5   2.484787E-9                   
        2895.   2.498595E-9                   
       2897.5   2.512440E-9                   
        2900.   2.526247E-9                   
       2902.5   2.545352E-9                   
        2905.   2.564456E-9                   
       2907.5   2.583561E-9                   
        2910.   2.602665E-9                   
       2912.5   2.621770E-9                   
        2915.   2.640838E-9                   
       2917.5   2.659942E-9                   
        2920.   2.679047E-9                   
       2922.5   2.667467E-9                   
        2925.   2.655888E-9                   
       2927.5   2.644271E-9                   
        2930.   2.632692E-9                   
       2932.5   2.621112E-9                   
        2935.   2.609533E-9                   
       2937.5   2.597953E-9                   
        2940.   2.586374E-9                   
       2942.5   2.593058E-9                   
        2945.   2.599743E-9                   
       2947.5   2.606428E-9                   
        2950.   2.613112E-9                   
       2952.5   2.619797E-9                   
        2955.   2.626519E-9                   
       2957.5   2.633203E-9                   
        2960.   2.639888E-9                   
       2962.5   2.641787E-9                   
        2965.   2.643687E-9                   
       2967.5   2.645586E-9                   
        2970.   2.647522E-9                   
       2972.5   2.649422E-9                   
        2975.   2.651321E-9                   
       2977.5   2.653221E-9                   
        2980.   2.655121E-9                   
       2982.5   2.668965E-9                   
        2985.   2.682773E-9                   
       2987.5   2.696617E-9                   
        2990.   2.710461E-9                   
       2992.5   2.724269E-9                   
        2995.   2.738114E-9                   
       2997.5   2.751921E-9                   
        3000.   2.765766E-9                   
       3002.5   2.771756E-9                   
        3005.   2.777711E-9                   
       3007.5   2.783701E-9                   
        3010.   2.789692E-9                   
       3012.5   2.795646E-9                   
        3015.   2.801637E-9                   
       3017.5   2.807627E-9                   
        3020.   2.813582E-9                   
       3022.5   2.812084E-9                   
        3025.   2.810550E-9                   
       3027.5   2.809015E-9                   
        3030.   2.807481E-9                   
       3032.5   2.805947E-9                   
        3035.   2.804413E-9                   
       3037.5   2.802879E-9                   
        3040.   2.801344E-9                   
       3042.5   2.798715E-9                   
        3045.   2.796121E-9                   
       3047.5   2.793491E-9                   
        3050.   2.790861E-9                   
       3052.5   2.788267E-9                   
        3055.   2.785637E-9                   
       3057.5   2.783044E-9                   
        3060.   2.780414E-9                   
       3062.5   2.791993E-9                   
        3065.   2.803573E-9                   
       3067.5   2.815189E-9                   
        3070.   2.826768E-9                   
       3072.5   2.838348E-9                   
        3075.   2.849928E-9                   
       3077.5   2.861507E-9                   
        3080.   2.873087E-9                   
       3082.5   2.866365E-9                   
        3085.   2.859644E-9                   
       3087.5   2.852923E-9                   
        3090.   2.846202E-9                   
       3092.5   2.839480E-9                   
        3095.   2.832723E-9                   
       3097.5   2.826001E-9                   
        3100.   2.819280E-9                   
       3102.5   2.820814E-9                   
        3105.   2.822349E-9                   
       3107.5   2.823883E-9                   
        3110.   2.825417E-9                   
       3112.5   2.826951E-9                   
        3115.   2.828485E-9                   
       3117.5   2.830020E-9                   
        3120.   2.831554E-9                   
       3122.5   2.838275E-9                   
        3125.   2.844996E-9                   
       3127.5   2.851718E-9                   
        3130.   2.858439E-9                   
       3132.5   2.865197E-9                   
        3135.   2.871918E-9                   
       3137.5   2.878639E-9                   
        3140.   2.885360E-9                   
       3142.5   2.886858E-9                   
        3145.   2.888356E-9                   
       3147.5   2.889853E-9                   
        3150.   2.891351E-9                   
       3152.5   2.892849E-9                   
        3155.   2.894347E-9                   
       3157.5   2.895808E-9                   
        3160.   2.897305E-9                   
       3162.5   2.898766E-9                   
        3165.   2.900228E-9                   
       3167.5   2.901689E-9                   
        3170.   2.903150E-9                   
       3172.5   2.904611E-9                   
        3175.   2.906072E-9                   
       3177.5   2.907533E-9                   
        3180.   2.908994E-9                   
       3182.5   2.908994E-9                   
        3185.   2.908994E-9                   
       3187.5   2.908994E-9                   
        3190.   2.908994E-9                   
       3192.5   2.908994E-9                   
        3195.   2.908994E-9                   
       3197.5   2.908994E-9                   
        3200.   2.908994E-9                   
       3202.5   2.901177E-9                   
        3205.   2.893360E-9                   
       3207.5   2.885543E-9                   
        3210.   2.877726E-9                   
       3212.5   2.869909E-9                   
        3215.   2.862128E-9                   
       3217.5   2.854311E-9                   
        3220.   2.846494E-9                   
       3222.5   2.842001E-9                   
        3225.   2.837508E-9                   
       3227.5   2.833051E-9                   
        3230.   2.828558E-9                   
       3232.5   2.824065E-9                   
        3235.   2.819572E-9                   
       3237.5   2.815079E-9                   
        3240.   2.810623E-9                   
        3260.   3.030160E-9                   
        3270.   3.105993E-9                   
        3280.   2.701767E-9                   
        3290.   3.023913E-9                   
        3300.   3.170357E-9                   
        3310.   3.022379E-9                   
        3320.   2.968500E-9                   
        3330.   2.939861E-9                   
        3340.   3.022270E-9                   
        3350.   2.898985E-9                   
        3360.   2.943770E-9                   
        3370.   2.888794E-9                   
        3380.   2.813326E-9                   
        3390.   2.910017E-9                   
        3400.   2.933615E-9                   
        3410.   3.037794E-9                   
        3420.   3.035055E-9                   
        3430.   2.935514E-9                   
        3440.   2.781692E-9                   
        3450.   2.925505E-9                   
        3460.   2.906803E-9                   
        3470.   2.912720E-9                   
        3480.   2.836376E-9                   
        3490.   2.834549E-9                   
        3500.   2.811207E-9                   
        3510.   2.766825E-9                   
        3520.   2.754697E-9                   
        3530.   2.748780E-9                   
        3540.   2.747173E-9                   
        3550.   2.862822E-9                   
        3560.   2.798459E-9                   
        3570.   2.686645E-9                   
        3580.   2.698078E-9                   
        3590.   2.660125E-9                   
        3600.   2.612492E-9                   
        3610.   2.594665E-9                   
        3620.   2.644637E-9                   
        3630.   2.697311E-9                   
        3640.   2.675978E-9                   
        3650.   2.746698E-9                   
        3660.   2.788085E-9                   
        3670.   2.706261E-9                   
        3680.   2.700489E-9                   
        3690.   2.632034E-9                   
        3700.   2.702498E-9                   
        3710.   2.761127E-9                   
        3720.   2.981029E-9                   
        3730.   3.068076E-9                   
        3740.   3.057958E-9                   
        3750.   3.327211E-9                   
        3760.   3.362095E-9                   
        3770.   3.615203E-9                   
        3780.   4.190931E-9                   
        3790.   4.075865E-9                   
        3800.   3.903085E-9                   
        3810.   4.791461E-9                   
        3820.   4.996752E-9                   
        3830.   3.871305E-9                   
        3840.   3.952033E-9                   
        3850.   5.215559E-9                   
        3860.   6.092611E-9                   
        3870.   5.794537E-9                   
        3880.   4.410103E-9                   
        3890.   3.812128E-9                   
        3900.   4.925156E-9                   
        3910.   5.949054E-9                   
        3920.   5.878918E-9                   
        3930.   5.366787E-9                   
        3940.   5.541759E-9                   
        3950.   5.736092E-9                   
        3960.   4.401701E-9                   
        3970.   3.672589E-9                   
        3980.   4.943420E-9                   
        3990.   6.141560E-9                   
        4000.   7.014959E-9                   
        4010.   7.150115E-9                   
        4020.   7.263353E-9                   
        4030.   7.402893E-9                   
        4040.   7.486910E-9                   
        4050.   7.423349E-9                   
        4060.   7.287098E-9                   
        4070.   6.656613E-9                   
        4080.   5.880380E-9                   
        4090.   4.760777E-9                   
        4100.   4.028743E-9                   
        4110.   4.868902E-9                   
        4120.   6.073616E-9                   
        4130.   6.785925E-9                   
        4140.   7.135869E-9                   
        4150.   7.037972E-9                   
        4160.   7.117605E-9                   
        4170.   6.964550E-9                   
        4180.   6.843275E-9                   
        4190.   7.066099E-9                   
        4200.   7.237419E-9                   
        4210.   7.054775E-9                   
        4220.   7.014959E-9                   
        4230.   6.914506E-9                   
        4240.   6.687662E-9                   
        4250.   6.686567E-9                   
        4260.   6.721634E-9                   
        4270.   6.779715E-9                   
        4280.   6.485294E-9                   
        4290.   6.259182E-9                   
        4300.   5.829605E-9                   
        4310.   5.173550E-9                   
        4320.   4.829451E-9                   
        4330.   3.918061E-9                   
        4340.   3.581742E-9                   
        4350.   4.335218E-9                   
        4360.   5.268525E-9                   
        4370.   5.808419E-9                   
        4380.   5.970605E-9                   
        4390.   5.874901E-9                   
        4400.   5.636368E-9                   
        4410.   5.861385E-9                   
        4420.   5.862846E-9                   
        4430.   6.020284E-9                   
        4440.   5.876727E-9                   
        4450.   5.828509E-9                   
        4460.   5.917274E-9                   
        4470.   5.770794E-9                   
        4480.   5.859193E-9                   
        4490.   5.849330E-9                   
        4500.   5.980469E-9                   
        4510.   6.061196E-9                   
        4520.   5.959647E-9                   
        4530.   5.928233E-9                   
        4540.   5.939191E-9                   
        4550.   5.807322E-9                   
        4560.   5.818646E-9                   
        4570.   5.892434E-9                   
        4580.   5.804766E-9                   
        4590.   5.976450E-9                   
        4600.   5.981564E-9                   
        4610.   6.043297E-9                   
        4620.   5.863212E-9                   
        4630.   5.756183E-9                   
        4640.   5.848235E-9                   
        4650.   5.686413E-9                   
        4660.   5.687509E-9                   
        4670.   5.627967E-9                   
        4680.   5.673628E-9                   
        4690.   5.594726E-9                   
        4700.   5.561120E-9                   
        4710.   5.508518E-9                   
        4720.   5.332450E-9                   
        4730.   5.466875E-9                   
        4740.   5.419388E-9                   
        4750.   5.507788E-9                   
        4760.   5.383590E-9                   
        4770.   5.313090E-9                   
        4780.   5.453360E-9                   
        4790.   5.292634E-9                   
        4800.   5.256105E-9                   
        4810.   5.120584E-9                   
        4820.   4.868902E-9                   
        4830.   4.735938E-9                   
        4840.   4.287001E-9                   
        4850.   3.428468E-9                   
        4860.   2.979458E-9                   
        4870.   3.470476E-9                   
        4880.   4.098878E-9                   
        4890.   4.513478E-9                   
        4900.   4.661054E-9                   
        4910.   4.755663E-9                   
        4920.   4.718039E-9                   
        4930.   4.780137E-9                   
        4940.   4.886070E-9                   
        4950.   4.781599E-9                   
        4960.   4.931366E-9                   
        4970.   4.734111E-9                   
        4980.   4.636215E-9                   
        4990.   4.687355E-9                   
        5000.   4.725710E-9                   
        5010.   4.576307E-9                   
        5020.   4.610279E-9                   
        5030.   4.522610E-9                   
        5040.   4.440056E-9                   
        5050.   4.521514E-9                   
        5060.   4.529185E-9                   
        5070.   4.515670E-9                   
        5080.   4.463799E-9                   
        5090.   4.399874E-9                   
        5100.   4.420330E-9                   
        5110.   4.315127E-9                   
        5120.   4.373574E-9                   
        5130.   4.252299E-9                   
        5140.   4.260700E-9                   
        5150.   4.335218E-9                   
        5160.   4.227824E-9                   
        5170.   4.162073E-9                   
        5180.   4.182894E-9                   
        5190.   4.081710E-9                   
        5200.   3.998424E-9                   
        5210.   4.110567E-9                   
        5220.   4.050660E-9                   
        5230.   4.051391E-9                   
        5240.   4.055774E-9                   
        5250.   4.108010E-9                   
        5260.   4.013036E-9                   
        5270.   3.900162E-9                   
        5280.   3.978699E-9                   
        5290.   3.987100E-9                   
        5300.   3.976142E-9                   
        5310.   3.945458E-9                   
        5320.   3.907468E-9                   
        5330.   3.866191E-9                   
        5340.   3.928289E-9                   
        5350.   3.829662E-9                   
        5360.   3.714962E-9                   
        5370.   3.714962E-9                   
        5380.   3.699255E-9                   
        5390.   3.756240E-9                   
        5400.   3.679895E-9                   
        5410.   3.678434E-9                   
        5420.   3.711309E-9                   
        5430.   3.646763E-9                   
        5440.   3.704004E-9                   
        5450.   3.641795E-9                   
        5460.   3.659073E-9                   
        5470.   3.641905E-9                   
        5480.   3.690123E-9                   
        5490.   3.713136E-9                   
        5500.   3.692314E-9                   
        5510.   3.614216E-9                   
        5520.   3.488266E-9                   
        5530.   3.612864E-9                   
        5540.   3.614107E-9                   
        5550.   3.643804E-9                   
        5560.   3.605888E-9                   
        5570.   3.624737E-9                   
        5580.   3.583605E-9                   
        5590.   3.484759E-9                   
        5600.   3.554565E-9                   
        5610.   3.479425E-9                   
        5620.   3.451481E-9                   
        5630.   3.458349E-9                   
        5640.   3.426021E-9                   
        5650.   3.425875E-9                   
        5660.   3.397382E-9                   
        5670.   3.353110E-9                   
        5680.   3.346352E-9                   
        5690.   3.304892E-9                   
        5700.   3.366041E-9                   
        5710.   3.308252E-9                   
        5720.   3.315777E-9                   
        5730.   3.294883E-9                   
        5740.   3.233296E-9                   
        5760.   3.295942E-9                   
        5780.   3.205059E-9                   
        5800.   3.227853E-9                   
        5820.   3.217369E-9                   
        5840.   3.206264E-9                   
        5860.   3.096825E-9                   
        5880.   3.074214E-9                   
        5900.   2.970764E-9                   
        5920.   2.952244E-9                   
        5940.   2.986362E-9                   
        5960.   3.000827E-9                   
        5980.   2.974381E-9                   
        6000.   2.881342E-9                   
        6020.   2.922327E-9                   
        6040.   2.905378E-9                   
        6060.   2.910383E-9                   
        6080.   2.900155E-9                   
        6100.   2.797947E-9                   
        6120.   2.834001E-9                   
        6140.   2.689640E-9                   
        6160.   2.687777E-9                   
        6180.   2.673860E-9                   
        6200.   2.687375E-9                   
        6220.   2.660198E-9                   
        6240.   2.578264E-9                   
        6260.   2.509919E-9                   
        6280.   2.461226E-9                   
        6300.   2.500750E-9                   
        6320.   2.519161E-9                   
        6340.   2.486139E-9                   
        6360.   2.448368E-9                   
        6380.   2.434926E-9                   
        6400.   2.457939E-9                   
        6420.   2.425647E-9                   
        6440.   2.436972E-9                   
        6460.   2.332792E-9                   
        6480.   2.374142E-9                   
        6500.   2.327203E-9                   
        6520.   2.188906E-9                   
        6540.   1.965569E-9                   
        6560.   1.936821E-9                   
        6580.   2.174952E-9                   
        6600.   2.296921E-9                   
        6620.   2.274529E-9                   
        6640.   2.247972E-9                   
        6660.   2.260648E-9                   
        6680.   2.321139E-9                   
        6700.   2.276355E-9                   
        6720.   2.240082E-9                   
        6740.   2.226530E-9                   
        6760.   2.242128E-9                   
        6780.   2.258419E-9                   
        6800.   2.223389E-9                   
        6820.   2.174367E-9                   
        6840.   2.229270E-9                   
        6860.   2.082607E-9                   
        6880.   2.054334E-9                   
        6900.   2.143318E-9                   
        6920.   2.157929E-9                   
        6940.   2.092360E-9                   
        6960.   2.044873E-9                   
        6980.   1.992564E-9                   
        7000.   1.934264E-9                   
        7020.   1.957022E-9                   
        7040.   1.951433E-9                   
        7060.   1.939086E-9                   
        7080.   1.902375E-9                   
        7100.   1.907964E-9                   
        7120.   1.901352E-9                   
        7140.   1.888786E-9                   
        7160.   1.880385E-9                   
        7180.   1.822414E-9                   
        7200.   1.850029E-9                   
        7220.   1.803711E-9                   
        7240.   1.773940E-9                   
        7260.   1.786396E-9                   
        7280.   1.794542E-9                   
        7300.   1.789867E-9                   
        7320.   1.785191E-9                   
        7340.   1.707458E-9                   
        7360.   1.700591E-9                   
        7380.   1.676957E-9                   
        7400.   1.700043E-9                   
        7420.   1.712755E-9                   
        7440.   1.669176E-9                   
        7460.   1.679696E-9                   
        7480.   1.681486E-9                   
        7500.   1.643935E-9                   
        7520.   1.675240E-9                   
        7540.   1.685066E-9                   
        7560.   1.715567E-9                   
        7580.   1.478643E-9                   
        7600.   1.281644E-9                   
        7620.   1.611607E-9                   
        7640.   1.582932E-9                   
        7660.   1.542422E-9                   
        7680.   1.434406E-9                   
        7700.   1.431228E-9                   
        7720.   1.440141E-9                   
        7740.   1.465237E-9                   
        7760.   1.469693E-9                   
        7780.   1.449127E-9                   
        7800.   1.434699E-9                   
        7820.   1.448287E-9                   
        7840.   1.429146E-9                   
        7860.   1.433238E-9                   
        7880.   1.405878E-9                   
        7900.   1.386481E-9                   
        7920.   1.383339E-9                   
        7940.   1.347395E-9                   
        7960.   1.382426E-9                   
        7980.   1.370189E-9                   
        8000.   1.382463E-9                   
        8020.   1.351779E-9                   
        8040.   1.343194E-9                   
        8060.   1.333003E-9                   
        8080.   1.298776E-9                   
        8100.   1.275872E-9                   
        8120.   1.288986E-9                   
        8140.   1.325442E-9                   
        8160.   1.267507E-9                   
        8180.   1.237115E-9                   
        8200.   1.268018E-9                   
        8220.   1.230467E-9                   
        8240.   1.309588E-9                   
        8260.   1.262649E-9                   
        8280.   1.230102E-9                   
        8300.   1.163802E-9                   
        8320.   1.271379E-9                   
        8340.   1.195327E-9                   
        8360.   1.223709E-9                   
        8380.   1.161026E-9                   
        8400.   1.239855E-9                   
        8420.   1.137209E-9                   
        8440.   1.163766E-9                   
        8460.   1.091329E-9                   
        8480.   1.164387E-9                   
        8500.   1.171181E-9                   
        8520.   1.145355E-9                   
        8540.   1.136990E-9                   
        8560.   1.155255E-9                   
        8580.   1.187181E-9                   
        8600.   1.182834E-9                   
        8620.   1.201354E-9                   
        8640.   1.195655E-9                   
        8660.   1.025468E-9                   
        8680.   1.176989E-9                   
        8700.   1.173446E-9                   
        8720.   1.106050E-9                   
        8740.   1.109886E-9                   
        8760.   1.100681E-9                   
        8780.   1.176441E-9                   
        8800.   1.090855E-9                   
        8820.   1.120772E-9                   
        8840.   1.000081E-9                   
        8860.   1.009651E-9                   
        8880.   1.058381E-9                   
        8900.   1.087311E-9                   
        8920.   1.105978E-9                   
        8940.   1.156168E-9                   
        8960.   1.079494E-9                   
        8980.   1.011880E-9                   
        9000.  9.100014E-10                   
        9020.  9.429503E-10                   
        9040.   1.064773E-9                   
        9060.   1.013816E-9                   
        9080.   1.055787E-9                   
        9100.   1.073869E-9                   
        9120.   1.044062E-9                   
        9140.   1.039094E-9                   
        9160.  9.931040E-10                   
        9180.  9.741091E-10                   
        9200.  9.251607E-10                   
        9220.  8.643771E-10                   
        9240.  8.875728E-10                   
        9260.  9.554429E-10                   
        9280.   1.047860E-9                   
        9300.   1.045121E-9                   
        9320.  9.434250E-10                   
        9340.  9.906931E-10                   
        9360.  9.832047E-10                   
        9380.  9.928118E-10                   
        9400.  9.778350E-10                   
        9420.  8.300402E-10                   
        9440.  8.946593E-10                   
        9460.  9.352792E-10                   
        9480.  9.270602E-10                   
        9500.  7.936942E-10                   
        9520.  7.589920E-10                   
        9540.  7.564350E-10                   
        9560.  8.394280E-10                   
        9580.  8.862578E-10                   
        9600.  8.696007E-10                   
        9620.  8.482680E-10                   
        9640.  8.377842E-10                   
        9660.  9.055083E-10                   
        9680.  9.358637E-10                   
        9700.  8.700390E-10                   
        9720.  8.630986E-10                   
        9740.  8.968146E-10                   
        9760.  8.553545E-10                   
        9780.  8.560851E-10                   
        9800.  8.405239E-10                   
        9820.  8.782580E-10                   
        9840.  8.483775E-10                   
        9860.  8.496561E-10                   
        9880.  8.093650E-10                   
        9900.  7.997214E-10                   
        9920.  8.507520E-10                   
        9940.  8.186432E-10                   
        9960.  7.767814E-10                   
        9980.  8.105704E-10                   
       10000.  8.205793E-10                   
       10020.  6.808938E-10                   
       10040.  7.049661E-10                   
       10060.  7.391570E-10                   
       10080.  8.066253E-10                   
       10100.  7.798499E-10                   
       10120.  7.827721E-10                   
       10140.  7.554122E-10                   
       10160.  8.018036E-10                   
       10180.  7.482160E-10                   
       10200.  7.970183E-10                   
       10220.  7.216232E-10                   
       10240.  7.322896E-10                   
       10260.  6.891127E-10                   
       10280.  7.365269E-10                   
       10300.  7.332393E-10                   
       10320.  7.020804E-10                   
       10340.  7.319973E-10                   
       10360.  7.303901E-10                   
       10380.  7.312302E-10                   
       10400.  7.247646E-10                   
       10420.  6.720173E-10                   
       10440.  6.859347E-10                   
       10460.  6.917062E-10                   
       10480.  6.892588E-10                   
       10500.  7.026283E-10                   
       10520.  6.800536E-10                   
       10540.  7.183721E-10                   
       10560.  6.612048E-10                   
       10580.  6.628121E-10                   
       10600.  6.686932E-10                   
       10800.  6.355252E-10                   
       11000.  6.043663E-10                   
       11200.  5.747781E-10                   
       11400.  5.463953E-10                   
       11600.  5.189258E-10                   
       11800.  4.921138E-10                   
       12000.  4.657766E-10                   
       12200.  4.398047E-10                   
       12400.  4.140521E-10                   
       12600.  3.914043E-10                   
       12800.  3.549634E-10                   
       13000.  3.524465E-10                   
       13200.  3.358077E-10                   
       13400.  3.191690E-10                   
       13600.  3.032388E-10                   
       13800.  2.887187E-10                   
       14000.  2.756195E-10                   
       14200.  2.628783E-10                   
       14400.  2.501371E-10                   
       14600.  2.395110E-10                   
       14800.  2.288884E-10                   
       15000.  2.182659E-10                   
       15200.  2.087027E-10                   
       15400.  1.992856E-10                   
       15600.  1.912091E-10                   
       15800.  1.842650E-10                   
       16000.  1.789501E-10                   
       16200.  1.708189E-10                   
       16400.  1.630309E-10                   
       16600.  1.587681E-10                   
       16800.  1.477985E-10                   
       17000.  1.451648E-10                   
       17200.  1.402663E-10                   
       17400.  1.313497E-10                   
       17600.  1.286429E-10                   
       17800.  1.248512E-10                   
       18000.  1.196751E-10                   
       18200.  1.110763E-10                   
       18400.  1.101448E-10                   
       18600.  1.063897E-10                   
       18800.  9.839354E-11                   
       19000.  9.845198E-11                   
       19200.  9.472971E-11                   
       19400.  8.963031E-11                   
       19600.  8.750434E-11                   
       19800.  8.526514E-11                   
       20000.  8.168899E-11                   
       20200.  7.874843E-11                   
       20400.  7.591381E-11                   
       20600.  7.311571E-11                   
       20800.  7.059889E-11                   
       21000.  6.797614E-11                   
       21200.  6.556525E-11                   
       21400.  6.336988E-11                   
       21600.  5.940652E-11                   
       21800.  5.826682E-11                   
       22000.  5.723672E-11                   
       22200.  5.543220E-11                   
       22400.  5.366056E-11                   
       22600.  5.195833E-11                   
       22800.  5.036203E-11                   
       23000.  4.887532E-11                   
       23200.  4.738495E-11                   
       23400.  4.596764E-11                   
       23600.  4.462338E-11                   
       23800.  4.323895E-11                   
       24000.  4.192757E-11                   
       24200.  4.079518E-11                   
       24400.  3.948381E-11                   
       24600.  3.838429E-11                   
       24800.  3.724825E-11                   
       25000.  3.615093E-11                   
       25200.  3.508758E-11                   
       25400.  3.406003E-11                   
       25600.  3.303321E-11                   
