angstroms,flam
         229.            0.                     
         234.            0.                     
         243.            0.                     
         252.            0.                     
         256.            0.                     
         260.            0.                     
         266.            0.                     
         275.            0.                     
         283.            0.                     
         293.            0.                     
         301.            0.                     
         309.            0.                     
         325.            0.                     
         342.            0.                     
         351.            0.                     
         356.            0.                     
         365.            0.                     
         375.            0.                     
         384.            0.                     
         400.            0.                     
         415.            0.                     
         425.            0.                     
         445.            0.                     
         472.            0.                     
         494.            0.                     
         506.            0.                     
         516.            0.                     
         540.            0.                     
         564.            0.                     
         587.            0.                     
         612.            0.                     
         640.            0.                     
         671.            0.                     
         705.            0.                     
         736.            0.                     
         770.            0.                     
         810.            0.                     
         850.            0.                     
         890.            0.                     
         920.  1.047279E-19                     
         940.  3.228722E-19                     
         962.  5.871098E-19                     
         987.  1.128702E-18                     
        1012.  1.960152E-18                     
        1037.  3.178980E-18                     
        1062.  5.404265E-18                     
        1087.  8.667726E-18                     
        1112.  3.498844E-16                     
        1120.  3.830798E-16                     
        1140.  5.321240E-16                     
        1160.  8.257336E-16                     
        1180.  1.140026E-15                     
        1200.  1.544045E-15                     
        1220.  2.278924E-15                     
        1240.  4.856956E-15                     
        1260.  8.441956E-15                     
        1280.  1.140026E-14                     
        1300.  1.523725E-14                     
        1320.  1.969438E-14                     
        1340.  2.488344E-14                     
        1360.  3.144204E-14                     
        1380.  3.995755E-14                     
        1400.  5.127516E-14                     
        1420.  6.427875E-14                     
        1440.  8.021734E-14                     
        1460.  1.014033E-13                     
        1480.  1.244936E-13                     
        1500.  1.564510E-13                     
        1520.  4.411972E-13                     
        1540.  6.746865E-13                     
        1560.  6.675129E-13                     
        1580.  8.846521E-13                     
        1600.  1.106889E-12                     
        1620.  1.289945E-12                     
        1640.  1.421437E-12                     
        1660.  1.477843E-12                     
        1680.  3.907632E-11                     
        1700.  5.812835E-11                     
        1720.  7.011233E-11                     
        1740.  9.210665E-11                     
        1760.  8.826129E-11                     
        1780.  1.153864E-10                     
        1800.  9.776546E-11                     
        1820.  6.826249E-11                     
        1840.  8.095655E-11                     
        1860.  1.166208E-10                     
        1880.  1.305494E-10                     
        1900.  1.453591E-10                     
        1920.  1.651212E-10                     
        1940.  1.351376E-10                     
        1960.  1.432871E-10                     
        1980.  1.916273E-10                     
        2000.  1.872648E-10                     
       2002.5  1.840713E-10                     
        2005.  1.808741E-10                     
       2007.5  1.776806E-10                     
        2010.  1.744834E-10                     
       2012.5  1.712898E-10                     
        2015.  1.680926E-10                     
       2017.5  1.648954E-10                     
        2020.  1.617019E-10                     
       2022.5  1.634607E-10                     
        2025.  1.652232E-10                     
       2027.5  1.669856E-10                     
        2030.  1.687445E-10                     
       2032.5  1.705069E-10                     
        2035.  1.722694E-10                     
       2037.5  1.740282E-10                     
        2040.  1.757906E-10                     
       2042.5  1.736131E-10                     
        2045.  1.714355E-10                     
       2047.5  1.692543E-10                     
        2050.  1.670767E-10                     
       2052.5  1.648991E-10                     
        2055.  1.627215E-10                     
       2057.5  1.605439E-10                     
        2060.  1.583627E-10                     
       2062.5  1.935427E-10                     
        2065.  2.287190E-10                     
       2067.5  2.638990E-10                     
        2070.  2.990790E-10                     
       2072.5  3.342553E-10                     
        2075.  3.694244E-10                     
       2077.5  4.046007E-10                     
        2080.  4.397770E-10                     
       2082.5  4.507378E-10                     
        2085.  4.616985E-10                     
       2087.5  4.726593E-10                     
        2090.  4.835836E-10                     
       2092.5  4.945443E-10                     
        2095.  5.055051E-10                     
       2097.5  5.164659E-10                     
        2100.  5.274265E-10                     
       2102.5  5.367122E-10                     
        2105.  5.459979E-10                     
       2107.5  5.553200E-10                     
        2110.  5.646057E-10                     
       2112.5  5.738914E-10                     
        2115.  5.832135E-10                     
       2117.5  5.924992E-10                     
        2120.  6.017848E-10                     
       2122.5  6.095047E-10                     
        2125.  6.171517E-10                     
       2127.5  6.248352E-10                     
        2130.  6.325186E-10                     
       2132.5  6.402021E-10                     
        2135.  6.478855E-10                     
       2137.5  6.555689E-10                     
        2140.  6.632523E-10                     
       2142.5  6.691879E-10                     
        2145.  6.751235E-10                     
       2147.5  6.810590E-10                     
        2150.  6.870310E-10                     
       2152.5  6.929665E-10                     
        2155.  6.989021E-10                     
       2157.5  7.048376E-10                     
        2160.  7.107732E-10                     
       2162.5  7.092074E-10                     
        2165.  7.076051E-10                     
       2167.5  7.060029E-10                     
        2170.  7.044007E-10                     
       2172.5  7.027985E-10                     
        2175.  7.011962E-10                     
       2177.5  6.995940E-10                     
        2180.  6.979918E-10                     
       2182.5  6.964259E-10                     
        2185.  6.948601E-10                     
       2187.5  6.933307E-10                     
        2190.  6.917649E-10                     
       2192.5  6.901990E-10                     
        2195.  6.886333E-10                     
       2197.5  6.870674E-10                     
        2200.  6.855016E-10                     
       2202.5  6.845184E-10                     
        2205.  6.835352E-10                     
       2207.5  6.825520E-10                     
        2210.  6.815689E-10                     
       2212.5  6.805856E-10                     
        2215.  6.796025E-10                     
       2217.5  6.786193E-10                     
        2220.  6.776361E-10                     
       2222.5  6.831347E-10                     
        2225.  6.886696E-10                     
       2227.5  6.942046E-10                     
        2230.  6.997396E-10                     
       2232.5  7.052746E-10                     
        2235.  7.107732E-10                     
       2237.5  7.163082E-10                     
        2240.  7.218432E-10                     
       2242.5  7.210421E-10                     
        2245.  7.202773E-10                     
       2247.5  7.194763E-10                     
        2250.  7.186751E-10                     
       2252.5  7.179105E-10                     
        2255.  7.171093E-10                     
       2257.5  7.163082E-10                     
        2260.  7.155435E-10                     
       2262.5  7.066219E-10                     
        2265.  6.977369E-10                     
       2267.5  6.888153E-10                     
        2270.  6.799302E-10                     
       2272.5  6.710086E-10                     
        2275.  6.620871E-10                     
       2277.5  6.532020E-10                     
        2280.  6.442805E-10                     
       2282.5  6.511992E-10                     
        2285.  6.581179E-10                     
       2287.5  6.650366E-10                     
        2290.  6.719554E-10                     
       2292.5  6.788378E-10                     
        2295.  6.857565E-10                     
       2297.5  6.926753E-10                     
        2300.  6.995940E-10                     
       2302.5  6.997761E-10                     
        2305.  7.000310E-10                     
       2307.5  7.002131E-10                     
        2310.  7.004315E-10                     
       2312.5  7.006500E-10                     
        2315.  7.008685E-10                     
       2317.5  7.010870E-10                     
        2320.  7.013055E-10                     
       2322.5  6.880870E-10                     
        2325.  6.748686E-10                     
       2327.5  6.616137E-10                     
        2330.  6.483953E-10                     
       2332.5  6.351769E-10                     
        2335.  6.219584E-10                     
       2337.5  6.087035E-10                     
        2340.  5.954851E-10                     
       2342.5  5.848157E-10                     
        2345.  5.741463E-10                     
       2347.5  5.635133E-10                     
        2350.  5.528438E-10                     
       2352.5  5.421744E-10                     
        2355.  5.315050E-10                     
       2357.5  5.208720E-10                     
        2360.  5.102025E-10                     
       2362.5  5.084182E-10                     
        2365.  5.066339E-10                     
       2367.5  5.048496E-10                     
        2370.  5.031017E-10                     
       2372.5  5.013174E-10                     
        2375.  4.995331E-10                     
       2377.5  4.977488E-10                     
        2380.  4.959645E-10                     
       2382.5  4.922138E-10                     
        2385.  4.884632E-10                     
       2387.5  4.847124E-10                     
        2390.  4.809618E-10                     
       2392.5  4.772111E-10                     
        2395.  4.734604E-10                     
       2397.5  4.697097E-10                     
        2400.  4.659590E-10                     
       2402.5  4.685444E-10                     
        2405.  4.710934E-10                     
       2407.5  4.736789E-10                     
        2410.  4.762279E-10                     
       2412.5  4.788133E-10                     
        2415.  4.813623E-10                     
       2417.5  4.839477E-10                     
        2420.  4.864968E-10                     
       2422.5  5.194518E-10                     
        2425.  5.524068E-10                     
       2427.5  5.853619E-10                     
        2430.  6.183170E-10                     
       2432.5  6.512720E-10                     
        2435.  6.842271E-10                     
       2437.5  7.171821E-10                     
        2440.  7.501372E-10                     
       2442.5  7.383025E-10                     
        2445.  7.264678E-10                     
       2447.5  7.146331E-10                     
        2450.  7.028348E-10                     
       2452.5  6.910001E-10                     
        2455.  6.791655E-10                     
       2457.5  6.673308E-10                     
        2460.  6.554961E-10                     
       2462.5  6.487959E-10                     
        2465.  6.420956E-10                     
       2467.5  6.353589E-10                     
        2470.  6.286587E-10                     
       2472.5  6.219584E-10                     
        2475.  6.152218E-10                     
       2477.5  6.085215E-10                     
        2480.  6.017848E-10                     
       2482.5  6.079389E-10                     
        2485.  6.140565E-10                     
       2487.5  6.201741E-10                     
        2490.  6.262917E-10                     
       2492.5  6.324093E-10                     
        2495.  6.385270E-10                     
       2497.5  6.446446E-10                     
        2500.  6.507622E-10                     
       2502.5  6.436250E-10                     
        2505.  6.365242E-10                     
       2507.5  6.293870E-10                     
        2510.  6.222498E-10                     
       2512.5  6.151125E-10                     
        2515.  6.080116E-10                     
       2517.5  6.008745E-10                     
        2520.  5.937372E-10                     
       2522.5  5.765860E-10                     
        2525.  5.594348E-10                     
       2527.5  5.422837E-10                     
        2530.  5.251325E-10                     
       2532.5  5.079449E-10                     
        2535.  4.907937E-10                     
       2537.5  4.736425E-10                     
        2540.  4.564913E-10                     
       2542.5  4.653400E-10                     
        2545.  4.742250E-10                     
       2547.5  4.830737E-10                     
        2550.  4.919589E-10                     
       2552.5  5.008076E-10                     
        2555.  5.096927E-10                     
       2557.5  5.185414E-10                     
        2560.  5.274265E-10                     
       2562.5  5.581968E-10                     
        2565.  5.890033E-10                     
       2567.5  6.198100E-10                     
        2570.  6.506166E-10                     
       2572.5  6.814232E-10                     
        2575.  7.122298E-10                     
       2577.5  7.429999E-10                     
        2580.  7.738066E-10                     
       2582.5  7.777758E-10                     
        2585.  7.817085E-10                     
       2587.5  7.856776E-10                     
        2590.  7.896104E-10                     
       2592.5  7.935432E-10                     
        2595.  7.975124E-10                     
       2597.5  8.014451E-10                     
        2600.  8.054143E-10                     
       2602.5  7.901931E-10                     
        2605.  7.750083E-10                     
       2607.5  7.597870E-10                     
        2610.  7.446022E-10                     
       2612.5  7.293809E-10                     
        2615.  7.141961E-10                     
       2617.5  6.989749E-10                     
        2620.  6.837901E-10                     
       2622.5  7.145967E-10                     
        2625.  7.453669E-10                     
       2627.5  7.761735E-10                     
        2630.  8.069801E-10                     
       2632.5  8.377867E-10                     
        2635.  8.685933E-10                     
       2637.5  8.994000E-10                     
        2640.  9.302065E-10                     
       2642.5  9.801308E-10                     
        2645.   1.030091E-9                     
       2647.5   1.080052E-9                     
        2650.   1.130013E-9                     
       2652.5   1.179937E-9                     
        2655.   1.229897E-9                     
       2657.5   1.279858E-9                     
        2660.   1.329818E-9                     
       2662.5   1.328835E-9                     
        2665.   1.327852E-9                     
       2667.5   1.326869E-9                     
        2670.   1.325849E-9                     
       2672.5   1.324866E-9                     
        2675.   1.323883E-9                     
       2677.5   1.322900E-9                     
        2680.   1.321917E-9                     
       2682.5   1.321734E-9                     
        2685.   1.321516E-9                     
       2687.5   1.321334E-9                     
        2690.   1.321115E-9                     
       2692.5   1.320933E-9                     
        2695.   1.320751E-9                     
       2697.5   1.320533E-9                     
        2700.   1.320351E-9                     
       2702.5   1.309099E-9                     
        2705.   1.297810E-9                     
       2707.5   1.286558E-9                     
        2710.   1.275306E-9                     
       2712.5   1.264054E-9                     
        2715.   1.252802E-9                     
       2717.5   1.241550E-9                     
        2720.   1.230298E-9                     
       2722.5   1.226147E-9                     
        2725.   1.221995E-9                     
       2727.5   1.217880E-9                     
        2730.   1.213729E-9                     
       2732.5   1.209578E-9                     
        2735.   1.205427E-9                     
       2737.5   1.201276E-9                     
        2740.   1.197124E-9                     
       2742.5   1.173855E-9                     
        2745.   1.150587E-9                     
       2747.5   1.127281E-9                     
        2750.   1.104013E-9                     
       2752.5   1.080744E-9                     
        2755.   1.057475E-9                     
       2757.5   1.034170E-9                     
        2760.   1.010901E-9                     
       2762.5   1.038940E-9                     
        2765.   1.066943E-9                     
       2767.5   1.094945E-9                     
        2770.   1.122985E-9                     
       2772.5   1.150987E-9                     
        2775.   1.179026E-9                     
       2777.5   1.207029E-9                     
        2780.   1.235032E-9                     
       2782.5   1.161001E-9                     
        2785.   1.086971E-9                     
       2787.5   1.012904E-9                     
        2790.  9.388732E-10                     
       2792.5  8.648426E-10                     
        2795.  7.908121E-10                     
       2797.5  7.167452E-10                     
        2800.  6.427146E-10                     
       2802.5  6.968265E-10                     
        2805.  7.509383E-10                     
       2807.5  8.050866E-10                     
        2810.  8.591984E-10                     
       2812.5  9.133103E-10                     
        2815.  9.674221E-10                     
       2817.5   1.021534E-9                     
        2820.   1.075682E-9                     
       2822.5   1.131542E-9                     
        2825.   1.187402E-9                     
       2827.5   1.243298E-9                     
        2830.   1.299158E-9                     
       2832.5   1.355054E-9                     
        2835.   1.410913E-9                     
       2837.5   1.466810E-9                     
        2840.   1.522669E-9                     
       2842.5   1.514585E-9                     
        2845.   1.506501E-9                     
       2847.5   1.498381E-9                     
        2850.   1.490297E-9                     
       2852.5   1.482213E-9                     
        2855.   1.474092E-9                     
       2857.5   1.466008E-9                     
        2860.   1.457924E-9                     
       2862.5   1.473109E-9                     
        2865.   1.488330E-9                     
       2867.5   1.503515E-9                     
        2870.   1.518736E-9                     
       2872.5   1.533921E-9                     
        2875.   1.549143E-9                     
       2877.5   1.564327E-9                     
        2880.   1.579549E-9                     
       2882.5   1.609153E-9                     
        2885.   1.638758E-9                     
       2887.5   1.668400E-9                     
        2890.   1.698005E-9                     
       2892.5   1.727610E-9                     
        2895.   1.757251E-9                     
       2897.5   1.786856E-9                     
        2900.   1.816461E-9                     
       2902.5   1.828332E-9                     
        2905.   1.840167E-9                     
       2907.5   1.852001E-9                     
        2910.   1.863872E-9                     
       2912.5   1.875707E-9                     
        2915.   1.887542E-9                     
       2917.5   1.899376E-9                     
        2920.   1.911248E-9                     
       2922.5   1.903346E-9                     
        2925.   1.895444E-9                     
       2927.5   1.887542E-9                     
        2930.   1.879640E-9                     
       2932.5   1.871738E-9                     
        2935.   1.863872E-9                     
       2937.5   1.855971E-9                     
        2940.   1.848068E-9                     
       2942.5   1.853786E-9                     
        2945.   1.859503E-9                     
       2947.5   1.865220E-9                     
        2950.   1.870973E-9                     
       2952.5   1.876690E-9                     
        2955.   1.882407E-9                     
       2957.5   1.888161E-9                     
        2960.   1.893878E-9                     
       2962.5   1.898029E-9                     
        2965.   1.902144E-9                     
       2967.5   1.906295E-9                     
        2970.   1.910446E-9                     
       2972.5   1.914598E-9                     
        2975.   1.918749E-9                     
       2977.5   1.922900E-9                     
        2980.   1.927052E-9                     
       2982.5   1.934735E-9                     
        2985.   1.942455E-9                     
       2987.5   1.950138E-9                     
        2990.   1.957822E-9                     
       2992.5   1.965542E-9                     
        2995.   1.973225E-9                     
       2997.5   1.980945E-9                     
        3000.   1.988628E-9                     
       3002.5   1.990595E-9                     
        3005.   1.992597E-9                     
       3007.5   1.994564E-9                     
        3010.   1.996530E-9                     
       3012.5   1.998496E-9                     
        3015.   2.000499E-9                     
       3017.5   2.002466E-9                     
        3020.   2.004432E-9                     
       3022.5   2.026354E-9                     
        3025.   2.048275E-9                     
       3027.5   2.070197E-9                     
        3030.   2.092082E-9                     
       3032.5   2.114003E-9                     
        3035.   2.135925E-9                     
       3037.5   2.157846E-9                     
        3040.   2.179768E-9                     
       3042.5   2.183518E-9                     
        3045.   2.187269E-9                     
       3047.5   2.191020E-9                     
        3050.   2.194770E-9                     
       3052.5   2.198521E-9                     
        3055.   2.202272E-9                     
       3057.5   2.206022E-9                     
        3060.   2.209773E-9                     
       3062.5   2.215891E-9                     
        3065.   2.222008E-9                     
       3067.5   2.228126E-9                     
        3070.   2.234243E-9                     
       3072.5   2.240398E-9                     
        3075.   2.246515E-9                     
       3077.5   2.252633E-9                     
        3080.   2.258751E-9                     
       3082.5   2.258751E-9                     
        3085.   2.258751E-9                     
       3087.5   2.258751E-9                     
        3090.   2.258751E-9                     
       3092.5   2.258751E-9                     
        3095.   2.258751E-9                     
       3097.5   2.258751E-9                     
        3100.   2.258751E-9                     
       3102.5   2.270585E-9                     
        3105.   2.282420E-9                     
       3107.5   2.294291E-9                     
        3110.   2.306126E-9                     
       3112.5   2.317960E-9                     
        3115.   2.329831E-9                     
       3117.5   2.341666E-9                     
        3120.   2.353501E-9                     
       3122.5   2.357252E-9                     
        3125.   2.361002E-9                     
       3127.5   2.364753E-9                     
        3130.   2.368504E-9                     
       3132.5   2.372254E-9                     
        3135.   2.376041E-9                     
       3137.5   2.379792E-9                     
        3140.   2.383543E-9                     
       3142.5   2.379792E-9                     
        3145.   2.376041E-9                     
       3147.5   2.372254E-9                     
        3150.   2.368504E-9                     
       3152.5   2.364753E-9                     
        3155.   2.361002E-9                     
       3157.5   2.357252E-9                     
        3160.   2.353501E-9                     
       3162.5   2.359436E-9                     
        3165.   2.365372E-9                     
       3167.5   2.371271E-9                     
        3170.   2.377207E-9                     
       3172.5   2.383142E-9                     
        3175.   2.389041E-9                     
       3177.5   2.394977E-9                     
        3180.   2.400912E-9                     
       3182.5   2.410781E-9                     
        3185.   2.420649E-9                     
       3187.5   2.430517E-9                     
        3190.   2.440386E-9                     
       3192.5   2.450254E-9                     
        3195.   2.460122E-9                     
       3197.5   2.469991E-9                     
        3200.   2.479895E-9                     
       3202.5   2.469991E-9                     
        3205.   2.460122E-9                     
       3207.5   2.450254E-9                     
        3210.   2.440386E-9                     
       3212.5   2.430517E-9                     
        3215.   2.420649E-9                     
       3217.5   2.410781E-9                     
        3220.   2.400912E-9                     
       3222.5   2.400912E-9                     
        3225.   2.400912E-9                     
       3227.5   2.400912E-9                     
        3230.   2.400912E-9                     
       3232.5   2.400912E-9                     
        3235.   2.400912E-9                     
       3237.5   2.400912E-9                     
        3240.   2.400912E-9                     
        3260.   2.703152E-9                     
        3270.   2.850266E-9                     
        3280.   2.423198E-9                     
        3290.   2.845205E-9                     
        3300.   2.829000E-9                     
        3310.   2.794880E-9                     
        3320.   2.837813E-9                     
        3330.   2.798048E-9                     
        3340.   2.702497E-9                     
        3350.   2.910642E-9                     
        3360.   2.860280E-9                     
        3370.   2.681704E-9                     
        3380.   2.780314E-9                     
        3390.   2.794552E-9                     
        3400.   2.854236E-9                     
        3410.   2.844076E-9                     
        3420.   2.835956E-9                     
        3430.   2.905362E-9                     
        3440.   2.767824E-9                     
        3450.   2.629813E-9                     
        3460.   2.791858E-9                     
        3470.   2.727440E-9                     
        3480.   2.793423E-9                     
        3490.   2.649368E-9                     
        3500.   2.769681E-9                     
        3510.   2.831513E-9                     
        3520.   2.740076E-9                     
        3530.   2.837485E-9                     
        3540.   3.035507E-9                     
        3550.   3.100433E-9                     
        3560.   2.978045E-9                     
        3570.   2.744956E-9                     
        3580.   2.618999E-9                     
        3590.   2.722088E-9                     
        3600.   2.922440E-9                     
        3610.   2.761998E-9                     
        3620.   2.778676E-9                     
        3630.   2.782536E-9                     
        3640.   2.769754E-9                     
        3650.   2.908930E-9                     
        3660.   3.006229E-9                     
        3670.   3.032302E-9                     
        3680.   2.865706E-9                     
        3690.   3.002806E-9                     
        3700.   2.971272E-9                     
        3710.   3.035215E-9                     
        3720.   3.072103E-9                     
        3730.   2.851832E-9                     
        3740.   2.913591E-9                     
        3750.   3.139615E-9                     
        3760.   3.214666E-9                     
        3770.   3.253265E-9                     
        3780.   3.580740E-9                     
        3790.   3.424122E-9                     
        3800.   3.330791E-9                     
        3810.   3.761611E-9                     
        3820.   3.706625E-9                     
        3830.   2.901902E-9                     
        3840.   2.981504E-9                     
        3850.   3.799482E-9                     
        3860.   4.132309E-9                     
        3870.   4.016512E-9                     
        3880.   3.555505E-9                     
        3890.   3.174027E-9                     
        3900.   3.550152E-9                     
        3910.   4.113010E-9                     
        3920.   3.995391E-9                     
        3930.   2.885625E-9                     
        3940.   2.915594E-9                     
        3950.   3.999032E-9                     
        3960.   3.566757E-9                     
        3970.   2.833297E-9                     
        3980.   3.796568E-9                     
        3990.   4.722951E-9                     
        4000.   5.033930E-9                     
        4010.   5.143902E-9                     
        4020.   5.204350E-9                     
        4030.   5.140625E-9                     
        4040.   4.944715E-9                     
        4050.   4.969841E-9                     
        4060.   4.883539E-9                     
        4070.   4.798329E-9                     
        4080.   4.707657E-9                     
        4090.   4.497910E-9                     
        4100.   3.951694E-9                     
        4110.   4.250656E-9                     
        4120.   4.901382E-9                     
        4130.   4.966199E-9                     
        4140.   5.108944E-9                     
        4150.   5.047404E-9                     
        4160.   5.059785E-9                     
        4170.   4.842390E-9                     
        4180.   4.712755E-9                     
        4190.   4.876984E-9                     
        4200.   4.902110E-9                     
        4210.   4.973118E-9                     
        4220.   4.816536E-9                     
        4230.   4.746985E-9                     
        4240.   4.793595E-9                     
        4250.   4.804519E-9                     
        4260.   4.907572E-9                     
        4270.   4.774660E-9                     
        4280.   4.657041E-9                     
        4290.   4.473512E-9                     
        4300.   4.117015E-9                     
        4310.   4.316202E-9                     
        4320.   4.576565E-9                     
        4330.   4.099536E-9                     
        4340.   3.595597E-9                     
        4350.   4.087519E-9                     
        4360.   4.876984E-9                     
        4370.   5.017908E-9                     
        4380.   4.665052E-9                     
        4390.   4.747713E-9                     
        4400.   4.709114E-9                     
        4410.   4.754632E-9                     
        4420.   4.847852E-9                     
        4430.   4.870065E-9                     
        4440.   4.859505E-9                     
        4450.   4.702559E-9                     
        4460.   4.622447E-9                     
        4470.   4.732419E-9                     
        4480.   4.768105E-9                     
        4490.   4.763735E-9                     
        4500.   4.921046E-9                     
        4510.   4.907936E-9                     
        4520.   4.718946E-9                     
        4530.   4.576565E-9                     
        4540.   4.646117E-9                     
        4550.   4.597686E-9                     
        4560.   4.650851E-9                     
        4570.   4.765920E-9                     
        4580.   4.635557E-9                     
        4590.   4.575109E-9                     
        4600.   4.645024E-9                     
        4610.   4.694912E-9                     
        4620.   4.721495E-9                     
        4630.   4.725136E-9                     
        4640.   4.617350E-9                     
        4650.   4.638470E-9                     
        4660.   4.564185E-9                     
        4670.   4.552896E-9                     
        4680.   4.675248E-9                     
        4690.   4.633008E-9                     
        4700.   4.505193E-9                     
        4710.   4.507014E-9                     
        4720.   4.655584E-9                     
        4730.   4.667601E-9                     
        4740.   4.651215E-9                     
        4750.   4.646117E-9                     
        4760.   4.520487E-9                     
        4770.   4.568554E-9                     
        4780.   4.682895E-9                     
        4790.   4.697461E-9                     
        4800.   4.656313E-9                     
        4810.   4.675248E-9                     
        4820.   4.666873E-9                     
        4830.   4.504829E-9                     
        4840.   4.364269E-9                     
        4850.   4.017968E-9                     
        4860.   3.449976E-9                     
        4870.   3.659650E-9                     
        4880.   4.194942E-9                     
        4890.   4.297267E-9                     
        4900.   4.360627E-9                     
        4910.   4.276875E-9                     
        4920.   4.233906E-9                     
        4930.   4.195670E-9                     
        4940.   4.226258E-9                     
        4950.   4.309647E-9                     
        4960.   4.294717E-9                     
        4970.   4.342785E-9                     
        4980.   4.198584E-9                     
        4990.   4.095531E-9                     
        5000.   4.124298E-9                     
        5010.   3.938585E-9                     
        5020.   3.928752E-9                     
        5030.   4.045642E-9                     
        5040.   4.038360E-9                     
        5050.   4.029621E-9                     
        5060.   4.077323E-9                     
        5070.   4.036175E-9                     
        5080.   4.033990E-9                     
        5090.   4.047828E-9                     
        5100.   4.022338E-9                     
        5110.   4.084242E-9                     
        5120.   4.016875E-9                     
        5130.   3.974635E-9                     
        5140.   3.890518E-9                     
        5150.   3.938220E-9                     
        5160.   3.833711E-9                     
        5170.   3.754327E-9                     
        5180.   3.739033E-9                     
        5190.   3.701526E-9                     
        5200.   3.752507E-9                     
        5210.   3.816960E-9                     
        5220.   3.798753E-9                     
        5230.   3.760154E-9                     
        5240.   3.798025E-9                     
        5250.   3.823515E-9                     
        5260.   3.737576E-9                     
        5270.   3.554521E-9                     
        5280.   3.678221E-9                     
        5290.   3.807493E-9                     
        5300.   3.770714E-9                     
        5310.   3.793655E-9                     
        5320.   3.735392E-9                     
        5330.   3.642899E-9                     
        5340.   3.685140E-9                     
        5350.   3.670574E-9                     
        5360.   3.694972E-9                     
        5370.   3.735028E-9                     
        5380.   3.729566E-9                     
        5390.   3.717549E-9                     
        5400.   3.632703E-9                     
        5410.   3.604300E-9                     
        5420.   3.774720E-9                     
        5430.   3.832254E-9                     
        5440.   3.828977E-9                     
        5450.   3.848277E-9                     
        5460.   3.808585E-9                     
        5470.   3.764888E-9                     
        5480.   3.751414E-9                     
        5490.   3.719369E-9                     
        5500.   3.738669E-9                     
        5510.   3.685140E-9                     
        5520.   3.747773E-9                     
        5530.   3.698249E-9                     
        5540.   3.602443E-9                     
        5550.   3.707353E-9                     
        5560.   3.669118E-9                     
        5570.   3.623964E-9                     
        5580.   3.632375E-9                     
        5590.   3.587586E-9                     
        5600.   3.504779E-9                     
        5610.   3.582888E-9                     
        5620.   3.611983E-9                     
        5630.   3.568140E-9                     
        5640.   3.603936E-9                     
        5650.   3.549788E-9                     
        5660.   3.557726E-9                     
        5670.   3.459880E-9                     
        5680.   3.546255E-9                     
        5690.   3.465962E-9                     
        5700.   3.504598E-9                     
        5710.   3.488976E-9                     
        5720.   3.500155E-9                     
        5730.   3.555177E-9                     
        5740.   3.489413E-9                     
        5760.   3.448410E-9                     
        5780.   3.437995E-9                     
        5800.   3.443567E-9                     
        5820.   3.498006E-9                     
        5840.   3.457732E-9                     
        5860.   3.338402E-9                     
        5880.   3.322052E-9                     
        5900.   3.302716E-9                     
        5920.   3.393279E-9                     
        5940.   3.333013E-9                     
        5960.   3.319903E-9                     
        5980.   3.279411E-9                     
        6000.   3.281850E-9                     
        6020.   3.254066E-9                     
        6040.   3.290044E-9                     
        6060.   3.253192E-9                     
        6080.   3.264626E-9                     
        6100.   3.213610E-9                     
        6120.   3.207492E-9                     
        6140.   3.125195E-9                     
        6160.   3.044210E-9                     
        6180.   3.038821E-9                     
        6200.   3.088016E-9                     
        6220.   3.073851E-9                     
        6240.   3.037328E-9                     
        6260.   3.029098E-9                     
        6280.   3.029243E-9                     
        6300.   3.024073E-9                     
        6320.   2.963661E-9                     
        6340.   2.947711E-9                     
        6360.   2.926518E-9                     
        6380.   2.918908E-9                     
        6400.   2.860426E-9                     
        6420.   2.842656E-9                     
        6440.   2.854236E-9                     
        6460.   2.815381E-9                     
        6480.   2.756172E-9                     
        6500.   2.765348E-9                     
        6520.   2.771539E-9                     
        6540.   2.687931E-9                     
        6560.   2.452366E-9                     
        6580.   2.462853E-9                     
        6600.   2.715023E-9                     
        6620.   2.716116E-9                     
        6640.   2.699766E-9                     
        6660.   2.695906E-9                     
        6680.   2.689825E-9                     
        6700.   2.654065E-9                     
        6720.   2.635858E-9                     
        6740.   2.608220E-9                     
        6760.   2.609531E-9                     
        6780.   2.601301E-9                     
        6800.   2.595693E-9                     
        6820.   2.570858E-9                     
        6840.   2.647620E-9                     
        6860.   2.524722E-9                     
        6880.   2.428842E-9                     
        6900.   2.470063E-9                     
        6920.   2.474287E-9                     
        6940.   2.462307E-9                     
        6960.   2.468498E-9                     
        6980.   2.449890E-9                     
        7000.   2.420285E-9                     
        7020.   2.408741E-9                     
        7040.   2.379428E-9                     
        7060.   2.359400E-9                     
        7080.   2.354775E-9                     
        7100.   2.330705E-9                     
        7120.   2.313336E-9                     
        7140.   2.300372E-9                     
        7160.   2.384089E-9                     
        7180.   2.360019E-9                     
        7200.   2.266434E-9                     
        7220.   2.264358E-9                     
        7240.   2.247680E-9                     
        7260.   2.239487E-9                     
        7280.   2.212759E-9                     
        7300.   2.169681E-9                     
        7320.   2.202927E-9                     
        7340.   2.162544E-9                     
        7360.   2.177000E-9                     
        7380.   2.165238E-9                     
        7400.   2.139566E-9                     
        7420.   2.126093E-9                     
        7440.   2.142479E-9                     
        7460.   2.119028E-9                     
        7480.   2.125474E-9                     
        7500.   2.100384E-9                     
        7520.   2.069905E-9                     
        7540.   2.024169E-9                     
        7560.   1.992233E-9                     
        7580.   2.064079E-9                     
        7600.   1.831282E-9                     
        7620.   1.761329E-9                     
        7640.   1.928107E-9                     
        7660.   1.944312E-9                     
        7680.   1.882152E-9                     
        7700.   1.981637E-9                     
        7720.   1.989903E-9                     
        7740.   1.985096E-9                     
        7760.   1.962009E-9                     
        7780.   1.991978E-9                     
        7800.   2.003522E-9                     
        7820.   1.966306E-9                     
        7840.   1.992015E-9                     
        7860.   1.973043E-9                     
        7880.   1.966561E-9                     
        7900.   1.908990E-9                     
        7920.   1.873085E-9                     
        7940.   1.851528E-9                     
        7960.   1.850836E-9                     
        7980.   1.834705E-9                     
        8000.   1.804918E-9                     
        8020.   1.775349E-9                     
        8040.   1.781904E-9                     
        8060.   1.786528E-9                     
        8080.   1.742394E-9                     
        8100.   1.700335E-9                     
        8120.   1.763551E-9                     
        8140.   1.766609E-9                     
        8160.   1.681982E-9                     
        8180.   1.667235E-9                     
        8200.   1.717923E-9                     
        8220.   1.668837E-9                     
        8240.   1.778990E-9                     
        8260.   1.762386E-9                     
        8280.   1.715338E-9                     
        8300.   1.670439E-9                     
        8320.   1.659260E-9                     
        8340.   1.644876E-9                     
        8360.   1.637011E-9                     
        8380.   1.707472E-9                     
        8400.   1.683840E-9                     
        8420.   1.661845E-9                     
        8440.   1.613960E-9                     
        8460.   1.543280E-9                     
        8480.   1.653761E-9                     
        8500.   1.551619E-9                     
        8520.   1.583773E-9                     
        8540.   1.487857E-9                     
        8560.   1.488440E-9                     
        8580.   1.578019E-9                     
        8600.   1.518700E-9                     
        8620.   1.607843E-9                     
        8640.   1.526784E-9                     
        8660.   1.447947E-9                     
        8680.   1.456759E-9                     
        8700.   1.504353E-9                     
        8720.   1.529224E-9                     
        8740.   1.426754E-9                     
        8760.   1.535342E-9                     
        8780.   1.524126E-9                     
        8800.   1.500129E-9                     
        8820.   1.527294E-9                     
        8840.   1.434583E-9                     
        8860.   1.435056E-9                     
        8880.   1.439826E-9                     
        8900.   1.458325E-9                     
        8920.   1.454538E-9                     
        8940.   1.420563E-9                     
        8960.   1.475877E-9                     
        8980.   1.459672E-9                     
        9000.   1.405743E-9                     
        9020.   1.433345E-9                     
        9040.   1.459235E-9                     
        9060.   1.456796E-9                     
        9080.   1.342381E-9                     
        9100.   1.421437E-9                     
        9120.   1.368964E-9                     
        9140.   1.395947E-9                     
        9160.   1.385824E-9                     
        9180.   1.408583E-9                     
        9200.   1.340124E-9                     
        9220.   1.268205E-9                     
        9240.   1.282334E-9                     
        9260.   1.289435E-9                     
        9280.   1.380908E-9                     
        9300.   1.489277E-9                     
        9320.   1.370348E-9                     
        9340.   1.558465E-9                     
        9360.   1.364886E-9                     
        9380.   1.486473E-9                     
        9400.   1.510070E-9                     
        9420.   1.325267E-9                     
        9440.   1.311101E-9                     
        9460.   1.382947E-9                     
        9480.   1.320824E-9                     
        9500.   1.365140E-9                     
        9520.   1.491644E-9                     
        9540.   1.248687E-9                     
        9560.   1.260340E-9                     
        9580.   1.329345E-9                     
        9600.   1.290382E-9                     
        9620.   1.239948E-9                     
        9640.   1.222906E-9                     
        9660.   1.250872E-9                     
        9680.   1.154301E-9                     
        9700.   1.215951E-9                     
        9720.   1.243589E-9                     
        9740.   1.208413E-9                     
        9760.   1.194175E-9                     
        9780.   1.238746E-9                     
        9800.   1.213110E-9                     
        9820.   1.229824E-9                     
        9840.   1.154410E-9                     
        9860.   1.170068E-9                     
        9880.   1.182231E-9                     
        9900.   1.175239E-9                     
        9920.   1.160419E-9                     
        9940.   1.164715E-9                     
        9960.   1.155612E-9                     
        9980.   1.180738E-9                     
       10000.   1.174912E-9                     
       10020.   1.169122E-9                     
       10040.   1.032130E-9                     
       10060.   1.057257E-9                     
       10080.   1.113116E-9                     
       10100.   1.123822E-9                     
       10120.   1.113917E-9                     
       10140.   1.101027E-9                     
       10160.   1.126444E-9                     
       10180.   1.107253E-9                     
       10200.   1.162057E-9                     
       10220.   1.073315E-9                     
       10240.   1.062864E-9                     
       10260.   1.055618E-9                     
       10280.   1.043128E-9                     
       10300.   1.065049E-9                     
       10320.   1.068108E-9                     
       10340.   1.059878E-9                     
       10360.   1.083366E-9                     
       10380.   1.062864E-9                     
       10400.   1.000923E-9                     
       10420.   1.025467E-9                     
       10440.   1.010391E-9                     
       10460.  9.564249E-10                     
       10480.   1.010755E-9                     
       10500.   1.005839E-9                     
       10520.   1.003108E-9                     
       10540.  9.662204E-10                     
       10560.  9.749599E-10                     
       10580.   1.012358E-9                     
       10600.  9.670944E-10                     
       10800.  9.179713E-10                     
       11000.  8.746381E-10                     
       11200.  8.356747E-10                     
       11400.  7.998793E-10                     
       11600.  7.662688E-10                     
       11800.  7.340056E-10                     
       12000.  7.023250E-10                     
       12200.  6.706081E-10                     
       12400.  6.384542E-10                     
       12600.  6.063366E-10                     
       12800.  5.679558E-10                     
       13000.  5.520792E-10                     
       13200.  5.296843E-10                     
       13400.  5.072530E-10                     
       13600.  4.839114E-10                     
       13800.  4.629002E-10                     
       14000.  4.442560E-10                     
       14200.  4.272869E-10                     
       14400.  4.103178E-10                     
       14600.  3.947324E-10                     
       14800.  3.791470E-10                     
       15000.  3.635762E-10                     
       15200.  3.487082E-10                     
       15400.  3.344993E-10                     
       15600.  3.223223E-10                     
       15800.  3.111795E-10                     
       16000.  3.033941E-10                     
       16200.  2.951498E-10                     
       16400.  2.842984E-10                     
       16600.  2.729480E-10                     
       16800.  2.599845E-10                     
       17000.  2.519915E-10                     
       17200.  2.419265E-10                     
       17400.  2.300409E-10                     
       17600.  2.217129E-10                     
       17800.  2.138000E-10                     
       18000.  2.049695E-10                     
       18200.  1.949993E-10                     
       18400.  1.898393E-10                     
       18600.  1.833685E-10                     
       18800.  1.740792E-10                     
       19000.  1.701464E-10                     
       19200.  1.634170E-10                     
       19400.  1.566257E-10                     
       19600.  1.518045E-10                     
       19800.  1.469104E-10                     
       20000.  1.416958E-10                     
       20200.  1.369037E-10                     
       20400.  1.321844E-10                     
       20600.  1.272029E-10                     
       20800.  1.226875E-10                     
       21000.  1.181102E-10                     
       21200.  1.136676E-10                     
       21400.  1.102228E-10                     
       21600.  1.053178E-10                     
       21800.  1.025758E-10                     
       22000.  9.990662E-11                     
       22200.  9.700439E-11                     
       22400.  9.383633E-11                     
       22600.  9.100694E-11                     
       22800.  8.824308E-11                     
       23000.  8.555206E-11                     
       23200.  8.285739E-11                     
       23400.  8.049409E-11                     
       23600.  7.846580E-11                     
       23800.  7.584761E-11                     
       24000.  7.355714E-11                     
       24200.  7.166723E-11                     
       24400.  6.937677E-11                     
       24600.  6.722831E-11                     
       24800.  6.533841E-11                     
       25000.  6.318632E-11                     
       25200.  6.163142E-11                     
       25400.  5.981433E-11                     
       25600.  5.799362E-11                     
