angstroms,flam
         229.            0.                     
         234.            0.                     
         243.            0.                     
         252.            0.                     
         256.            0.                     
         260.            0.                     
         266.            0.                     
         275.            0.                     
         283.            0.                     
         293.            0.                     
         301.            0.                     
         309.            0.                     
         325.            0.                     
         342.            0.                     
         351.            0.                     
         356.            0.                     
         365.            0.                     
         375.            0.                     
         384.            0.                     
         400.            0.                     
         415.            0.                     
         425.            0.                     
         445.            0.                     
         472.            0.                     
         494.            0.                     
         506.            0.                     
         516.            0.                     
         540.            0.                     
         564.            0.                     
         587.            0.                     
         612.            0.                     
         640.            0.                     
         671.            0.                     
         705.            0.                     
         736.            0.                     
         770.            0.                     
         810.            0.                     
         850.            0.                     
         890.            0.                     
         920.  1.029928E-19                     
         940.  3.114866E-19                     
         962.  6.245701E-19                     
         987.  1.325990E-18                     
        1012.  2.590588E-18                     
        1037.  4.706879E-18                     
        1062.  8.749158E-18                     
        1087.  1.556686E-17                     
        1112.  5.927072E-16                     
        1120.  7.418137E-16                     
        1140.  1.033610E-15                     
        1160.  1.606048E-15                     
        1180.  2.225149E-15                     
        1200.  3.019387E-15                     
        1220.  4.456424E-15                     
        1240.  9.179343E-15                     
        1260.  1.570466E-14                     
        1280.  2.121723E-14                     
        1300.  2.841736E-14                     
        1320.  3.678445E-14                     
        1340.  4.651829E-14                     
        1360.  5.887335E-14                     
        1380.  7.498705E-14                     
        1400.  9.639057E-14                     
        1420.  1.211663E-13                     
        1440.  1.516839E-13                     
        1460.  1.921869E-13                     
        1480.  2.366709E-13                     
        1500.  2.981947E-13                     
        1520.  9.480837E-13                     
        1540.  1.493288E-12                     
        1560.  1.491283E-12                     
        1580.  1.962627E-12                     
        1600.  2.470902E-12                     
        1620.  2.903711E-12                     
        1640.  3.228756E-12                     
        1660.  3.389638E-12                     
        1680.  8.122838E-11                     
        1700.  1.211736E-10                     
        1720.  1.474477E-10                     
        1740.  1.949248E-10                     
        1760.  1.863648E-10                     
        1780.  2.467365E-10                     
        1800.  2.109145E-10                     
        1820.  1.481403E-10                     
        1840.  1.722854E-10                     
        1860.  2.463209E-10                     
        1880.  2.766672E-10                     
        1900.  3.100794E-10                     
        1920.  3.553765E-10                     
        1940.  2.906992E-10                     
        1960.  3.047094E-10                     
        1980.  4.197583E-10                     
        2000.  4.143993E-10                     
       2002.5  4.073267E-10                     
        2005.  4.002542E-10                     
       2007.5  3.931817E-10                     
        2010.  3.861091E-10                     
       2012.5  3.790366E-10                     
        2015.  3.719641E-10                     
       2017.5  3.648915E-10                     
        2020.  3.578336E-10                     
       2022.5  3.620370E-10                     
        2025.  3.662404E-10                     
       2027.5  3.704329E-10                     
        2030.  3.746619E-10                     
       2032.5  3.788543E-10                     
        2035.  3.830468E-10                     
       2037.5  3.872757E-10                     
        2040.  3.914682E-10                     
       2042.5  3.872757E-10                     
        2045.  3.831197E-10                     
       2047.5  3.789637E-10                     
        2050.  3.747712E-10                     
       2052.5  3.706152E-10                     
        2055.  3.664227E-10                     
       2057.5  3.622594E-10                     
        2060.  3.580851E-10                     
       2062.5  3.665685E-10                     
        2065.  3.750629E-10                     
       2067.5  3.835572E-10                     
        2070.  3.920515E-10                     
       2072.5  4.005458E-10                     
        2075.  4.090402E-10                     
       2077.5  4.175345E-10                     
        2080.  4.260288E-10                     
       2082.5  4.270131E-10                     
        2085.  4.279975E-10                     
       2087.5  4.289818E-10                     
        2090.  4.299661E-10                     
       2092.5  4.309504E-10                     
        2095.  4.319348E-10                     
       2097.5  4.329191E-10                     
        2100.  4.339034E-10                     
       2102.5  4.367834E-10                     
        2105.  4.396999E-10                     
       2107.5  4.426164E-10                     
        2110.  4.455330E-10                     
       2112.5  4.484130E-10                     
        2115.  4.513295E-10                     
       2117.5  4.542460E-10                     
        2120.  4.571625E-10                     
       2122.5  4.597874E-10                     
        2125.  4.624487E-10                     
       2127.5  4.650736E-10                     
        2130.  4.677349E-10                     
       2132.5  4.703962E-10                     
        2135.  4.730211E-10                     
       2137.5  4.756824E-10                     
        2140.  4.783072E-10                     
       2142.5  4.789270E-10                     
        2145.  4.795467E-10                     
       2147.5  4.801665E-10                     
        2150.  4.808227E-10                     
       2152.5  4.814425E-10                     
        2155.  4.820258E-10                     
       2157.5  4.826455E-10                     
        2160.  4.833017E-10                     
       2162.5  4.882234E-10                     
        2165.  4.931450E-10                     
       2167.5  4.981030E-10                     
        2170.  5.030246E-10                     
       2172.5  5.079462E-10                     
        2175.  5.129043E-10                     
       2177.5  5.178259E-10                     
        2180.  5.227475E-10                     
       2182.5  5.335386E-10                     
        2185.  5.443296E-10                     
       2187.5  5.550843E-10                     
        2190.  5.658754E-10                     
       2192.5  5.766664E-10                     
        2195.  5.874575E-10                     
       2197.5  5.982121E-10                     
        2200.  6.090032E-10                     
       2202.5  6.070346E-10                     
        2205.  6.051024E-10                     
       2207.5  6.031338E-10                     
        2210.  6.011651E-10                     
       2212.5  5.991965E-10                     
        2215.  5.972278E-10                     
       2217.5  5.952956E-10                     
        2220.  5.933270E-10                     
       2222.5  5.936187E-10                     
        2225.  5.939103E-10                     
       2227.5  5.942020E-10                     
        2230.  5.944936E-10                     
       2232.5  5.947852E-10                     
        2235.  5.950769E-10                     
       2237.5  5.953686E-10                     
        2240.  5.956967E-10                     
       2242.5  5.992694E-10                     
        2245.  6.028785E-10                     
       2247.5  6.064513E-10                     
        2250.  6.100604E-10                     
       2252.5  6.136331E-10                     
        2255.  6.172424E-10                     
       2257.5  6.208515E-10                     
        2260.  6.244243E-10                     
       2262.5  6.136697E-10                     
        2265.  6.029150E-10                     
       2267.5  5.921968E-10                     
        2270.  5.814422E-10                     
       2272.5  5.706876E-10                     
        2275.  5.599330E-10                     
       2277.5  5.491784E-10                     
        2280.  5.384238E-10                     
       2282.5  5.469181E-10                     
        2285.  5.553760E-10                     
       2287.5  5.638338E-10                     
        2290.  5.722917E-10                     
       2292.5  5.807496E-10                     
        2295.  5.892074E-10                     
       2297.5  5.976653E-10                     
        2300.  6.061232E-10                     
       2302.5  6.041910E-10                     
        2305.  6.022953E-10                     
       2307.5  6.003631E-10                     
        2310.  5.984309E-10                     
       2312.5  5.964987E-10                     
        2315.  5.945665E-10                     
       2317.5  5.926343E-10                     
        2320.  5.907022E-10                     
       2322.5  5.812235E-10                     
        2325.  5.717813E-10                     
       2327.5  5.623026E-10                     
        2330.  5.528240E-10                     
       2332.5  5.433454E-10                     
        2335.  5.338667E-10                     
       2337.5  5.243880E-10                     
        2340.  5.149094E-10                     
       2342.5  5.044100E-10                     
        2345.  4.939470E-10                     
       2347.5  4.834476E-10                     
        2350.  4.729482E-10                     
       2352.5  4.624852E-10                     
        2355.  4.519858E-10                     
       2357.5  4.414863E-10                     
        2360.  4.310233E-10                     
       2362.5  4.283985E-10                     
        2365.  4.257736E-10                     
       2367.5  4.231852E-10                     
        2370.  4.205604E-10                     
       2372.5  4.179355E-10                     
        2375.  4.153471E-10                     
       2377.5  4.127223E-10                     
        2380.  4.100974E-10                     
       2382.5  3.967179E-10                     
        2385.  3.833020E-10                     
       2387.5  3.699225E-10                     
        2390.  3.565175E-10                     
       2392.5  3.431234E-10                     
        2395.  3.297257E-10                     
       2397.5  3.163317E-10                     
        2400.  3.029376E-10                     
       2402.5  3.195982E-10                     
        2405.  3.362624E-10                     
       2407.5  3.529229E-10                     
        2410.  3.695944E-10                     
       2412.5  3.862550E-10                     
        2415.  4.029155E-10                     
       2417.5  4.195761E-10                     
        2420.  4.362366E-10                     
       2422.5  4.542096E-10                     
        2425.  4.721826E-10                     
       2427.5  4.901556E-10                     
        2430.  5.081285E-10                     
       2432.5  5.261015E-10                     
        2435.  5.440380E-10                     
       2437.5  5.620110E-10                     
        2440.  5.799840E-10                     
       2442.5  5.793642E-10                     
        2445.  5.787444E-10                     
       2447.5  5.781247E-10                     
        2450.  5.775049E-10                     
       2452.5  5.768852E-10                     
        2455.  5.762654E-10                     
       2457.5  5.756456E-10                     
        2460.  5.750259E-10                     
       2462.5  5.733489E-10                     
        2465.  5.717084E-10                     
       2467.5  5.700314E-10                     
        2470.  5.683544E-10                     
       2472.5  5.667138E-10                     
        2475.  5.650369E-10                     
       2477.5  5.633599E-10                     
        2480.  5.616829E-10                     
       2482.5  5.594226E-10                     
        2485.  5.571259E-10                     
       2487.5  5.548291E-10                     
        2490.  5.525324E-10                     
       2492.5  5.502721E-10                     
        2495.  5.479753E-10                     
       2497.5  5.456786E-10                     
        2500.  5.434183E-10                     
       2502.5  5.303304E-10                     
        2505.  5.172791E-10                     
       2507.5  5.041912E-10                     
        2510.  4.911399E-10                     
       2512.5  4.780520E-10                     
        2515.  4.650006E-10                     
       2517.5  4.519128E-10                     
        2520.  4.388614E-10                     
       2522.5  4.290547E-10                     
        2525.  4.192480E-10                     
       2527.5  4.094412E-10                     
        2530.  3.996344E-10                     
       2532.5  3.898277E-10                     
        2535.  3.800574E-10                     
       2537.5  3.702506E-10                     
        2540.  3.604402E-10                     
       2542.5  3.846144E-10                     
        2545.  4.087850E-10                     
       2547.5  4.329556E-10                     
        2550.  4.571625E-10                     
       2552.5  4.813331E-10                     
        2555.  5.055037E-10                     
       2557.5  5.296742E-10                     
        2560.  5.538448E-10                     
       2562.5  5.793642E-10                     
        2565.  6.048836E-10                     
       2567.5  6.304031E-10                     
        2570.  6.559225E-10                     
       2572.5  6.814420E-10                     
        2575.  7.069614E-10                     
       2577.5  7.324809E-10                     
        2580.  7.580003E-10                     
       2582.5  7.511101E-10                     
        2585.  7.442198E-10                     
       2587.5  7.372931E-10                     
        2590.  7.304028E-10                     
       2592.5  7.235126E-10                     
        2595.  7.166223E-10                     
       2597.5  7.097321E-10                     
        2600.  7.028419E-10                     
       2602.5  6.894624E-10                     
        2605.  6.760464E-10                     
       2607.5  6.626670E-10                     
        2610.  6.492510E-10                     
       2612.5  6.358716E-10                     
        2615.  6.224556E-10                     
       2617.5  6.090761E-10                     
        2620.  5.956967E-10                     
       2622.5  6.417410E-10                     
        2625.  6.878219E-10                     
       2627.5  7.338662E-10                     
        2630.  7.799471E-10                     
       2632.5  8.260279E-10                     
        2635.  8.720722E-10                     
       2637.5  9.181531E-10                     
        2640.  9.642339E-10                     
       2642.5   1.020121E-9                     
        2645.   1.076009E-9                     
       2647.5   1.131933E-9                     
        2650.   1.187821E-9                     
       2652.5   1.243745E-9                     
        2655.   1.299632E-9                     
       2657.5   1.355520E-9                     
        2660.   1.411444E-9                     
       2662.5   1.394455E-9                     
        2665.   1.377467E-9                     
       2667.5   1.360478E-9                     
        2670.   1.343489E-9                     
       2672.5   1.326501E-9                     
        2675.   1.309512E-9                     
       2677.5   1.292523E-9                     
        2680.   1.275535E-9                     
       2682.5   1.277467E-9                     
        2685.   1.279435E-9                     
       2687.5   1.281404E-9                     
        2690.   1.283373E-9                     
       2692.5   1.285305E-9                     
        2695.   1.287274E-9                     
       2697.5   1.289242E-9                     
        2700.   1.291211E-9                     
       2702.5   1.284977E-9                     
        2705.   1.278779E-9                     
       2707.5   1.272582E-9                     
        2710.   1.266384E-9                     
       2712.5   1.260150E-9                     
        2715.   1.253952E-9                     
       2717.5   1.247755E-9                     
        2720.   1.241557E-9                     
       2722.5   1.205939E-9                     
        2725.   1.170322E-9                     
       2727.5   1.134704E-9                     
        2730.   1.099086E-9                     
       2732.5   1.063468E-9                     
        2735.   1.027850E-9                     
       2737.5  9.922688E-10                     
        2740.  9.566510E-10                     
       2742.5  9.504169E-10                     
        2745.  9.442193E-10                     
       2747.5  9.380217E-10                     
        2750.  9.318242E-10                     
       2752.5  9.255901E-10                     
        2755.  9.193925E-10                     
       2757.5  9.131949E-10                     
        2760.  9.069609E-10                     
       2762.5  9.308398E-10                     
        2765.  9.546822E-10                     
       2767.5  9.785247E-10                     
        2770.   1.002367E-9                     
       2772.5   1.026246E-9                     
        2775.   1.050089E-9                     
       2777.5   1.073931E-9                     
        2780.   1.097773E-9                     
       2782.5   1.009257E-9                     
        2785.  9.207050E-10                     
       2787.5  8.321525E-10                     
        2790.  7.436365E-10                     
       2792.5  6.550840E-10                     
        2795.  5.665316E-10                     
       2797.5  4.779791E-10                     
        2800.  3.894631E-10                     
       2802.5  4.740419E-10                     
        2805.  5.586205E-10                     
       2807.5  6.432357E-10                     
        2810.  7.278145E-10                     
       2812.5  8.123932E-10                     
        2815.  8.969719E-10                     
       2817.5  9.815506E-10                     
        2820.   1.066166E-9                     
       2822.5   1.101784E-9                     
        2825.   1.137365E-9                     
       2827.5   1.172983E-9                     
        2830.   1.208601E-9                     
       2832.5   1.244219E-9                     
        2835.   1.279836E-9                     
       2837.5   1.315454E-9                     
        2840.   1.351072E-9                     
       2842.5   1.338677E-9                     
        2845.   1.326282E-9                     
       2847.5   1.313923E-9                     
        2850.   1.301528E-9                     
       2852.5   1.289133E-9                     
        2855.   1.276774E-9                     
       2857.5   1.264379E-9                     
        2860.   1.251984E-9                     
       2862.5   1.267988E-9                     
        2865.   1.284029E-9                     
       2867.5   1.300033E-9                     
        2870.   1.316038E-9                     
       2872.5   1.332042E-9                     
        2875.   1.348046E-9                     
       2877.5   1.364051E-9                     
        2880.   1.380055E-9                     
       2882.5   1.431969E-9                     
        2885.   1.483883E-9                     
       2887.5   1.535833E-9                     
        2890.   1.587747E-9                     
       2892.5   1.639661E-9                     
        2895.   1.691574E-9                     
       2897.5   1.743488E-9                     
        2900.   1.795402E-9                     
       2902.5   1.794418E-9                     
        2905.   1.793433E-9                     
       2907.5   1.792449E-9                     
        2910.   1.791465E-9                     
       2912.5   1.790517E-9                     
        2915.   1.789533E-9                     
       2917.5   1.788548E-9                     
        2920.   1.787564E-9                     
       2922.5   1.785960E-9                     
        2925.   1.784356E-9                     
       2927.5   1.782752E-9                     
        2930.   1.781148E-9                     
       2932.5   1.779543E-9                     
        2935.   1.777939E-9                     
       2937.5   1.776335E-9                     
        2940.   1.774731E-9                     
       2942.5   1.768169E-9                     
        2945.   1.761607E-9                     
       2947.5   1.755045E-9                     
        2950.   1.748483E-9                     
       2952.5   1.741921E-9                     
        2955.   1.735358E-9                     
       2957.5   1.728796E-9                     
        2960.   1.722198E-9                     
       2962.5   1.726791E-9                     
        2965.   1.731348E-9                     
       2967.5   1.735942E-9                     
        2970.   1.740499E-9                     
       2972.5   1.745092E-9                     
        2975.   1.749649E-9                     
       2977.5   1.754243E-9                     
        2980.   1.758800E-9                     
       2982.5   1.764706E-9                     
        2985.   1.770648E-9                     
       2987.5   1.776554E-9                     
        2990.   1.782460E-9                     
       2992.5   1.788366E-9                     
        2995.   1.794272E-9                     
       2997.5   1.800214E-9                     
        3000.   1.806120E-9                     
       3002.5   1.808709E-9                     
        3005.   1.811297E-9                     
       3007.5   1.813849E-9                     
        3010.   1.816437E-9                     
       3012.5   1.819026E-9                     
        3015.   1.821614E-9                     
       3017.5   1.824166E-9                     
        3020.   1.826755E-9                     
       3022.5   1.846404E-9                     
        3025.   1.866054E-9                     
       3027.5   1.885668E-9                     
        3030.   1.905318E-9                     
       3032.5   1.924932E-9                     
        3035.   1.944581E-9                     
       3037.5   1.964231E-9                     
        3040.   1.983845E-9                     
       3042.5   1.981220E-9                     
        3045.   1.978559E-9                     
       3047.5   1.975897E-9                     
        3050.   1.973272E-9                     
       3052.5   1.970611E-9                     
        3055.   1.967986E-9                     
       3057.5   1.965325E-9                     
        3060.   1.962664E-9                     
       3062.5   1.965653E-9                     
        3065.   1.968606E-9                     
       3067.5   1.971596E-9                     
        3070.   1.974585E-9                     
       3072.5   1.977538E-9                     
        3075.   1.980527E-9                     
       3077.5   1.983480E-9                     
        3080.   1.986470E-9                     
       3082.5   1.988730E-9                     
        3085.   1.990954E-9                     
       3087.5   1.993214E-9                     
        3090.   1.995474E-9                     
       3092.5   1.997735E-9                     
        3095.   1.999995E-9                     
       3097.5   2.002255E-9                     
        3100.   2.004516E-9                     
       3102.5   2.013010E-9                     
        3105.   2.021504E-9                     
       3107.5   2.029999E-9                     
        3110.   2.038493E-9                     
       3112.5   2.046987E-9                     
        3115.   2.055482E-9                     
       3117.5   2.063976E-9                     
        3120.   2.072470E-9                     
       3122.5   2.074111E-9                     
        3125.   2.075788E-9                     
       3127.5   2.077465E-9                     
        3130.   2.079142E-9                     
       3132.5   2.080782E-9                     
        3135.   2.082459E-9                     
       3137.5   2.084136E-9                     
        3140.   2.085777E-9                     
       3142.5   2.090698E-9                     
        3145.   2.095584E-9                     
       3147.5   2.100505E-9                     
        3150.   2.105390E-9                     
       3152.5   2.110312E-9                     
        3155.   2.115197E-9                     
       3157.5   2.120082E-9                     
        3160.   2.125004E-9                     
       3162.5   2.116181E-9                     
        3165.   2.107359E-9                     
       3167.5   2.098536E-9                     
        3170.   2.089714E-9                     
       3172.5   2.080892E-9                     
        3175.   2.072069E-9                     
       3177.5   2.063247E-9                     
        3180.   2.054424E-9                     
       3182.5   2.073673E-9                     
        3185.   2.092922E-9                     
       3187.5   2.112171E-9                     
        3190.   2.131384E-9                     
       3192.5   2.150633E-9                     
        3195.   2.169882E-9                     
       3197.5   2.189130E-9                     
        3200.   2.208379E-9                     
       3202.5   2.206119E-9                     
        3205.   2.203859E-9                     
       3207.5   2.201598E-9                     
        3210.   2.199338E-9                     
       3212.5   2.197114E-9                     
        3215.   2.194854E-9                     
       3217.5   2.192594E-9                     
        3220.   2.190334E-9                     
       3222.5   2.194927E-9                     
        3225.   2.199484E-9                     
       3227.5   2.204078E-9                     
        3230.   2.208635E-9                     
       3232.5   2.213192E-9                     
        3235.   2.217785E-9                     
       3237.5   2.222342E-9                     
        3240.   2.226936E-9                     
        3260.   2.582713E-9                     
        3270.   2.348189E-9                     
        3280.   2.490552E-9                     
        3290.   2.616982E-9                     
        3300.   2.545528E-9                     
        3310.   2.523071E-9                     
        3320.   2.512863E-9                     
        3330.   2.473016E-9                     
        3340.   2.476990E-9                     
        3350.   2.398354E-9                     
        3360.   2.342174E-9                     
        3370.   2.375860E-9                     
        3380.   2.486177E-9                     
        3390.   2.567474E-9                     
        3400.   2.527591E-9                     
        3410.   2.523143E-9                     
        3420.   2.506556E-9                     
        3430.   2.406775E-9                     
        3440.   2.441153E-9                     
        3450.   2.539950E-9                     
        3460.   2.535429E-9                     
        3470.   2.495218E-9                     
        3480.   2.498244E-9                     
        3490.   2.568896E-9                     
        3500.   2.627081E-9                     
        3510.   2.598754E-9                     
        3520.   2.638273E-9                     
        3530.   2.793103E-9                     
        3540.   2.867073E-9                     
        3550.   2.711914E-9                     
        3560.   2.484573E-9                     
        3570.   2.400650E-9                     
        3580.   2.496385E-9                     
        3590.   2.651798E-9                     
        3600.   2.609837E-9                     
        3610.   2.543851E-9                     
        3620.   2.631565E-9                     
        3630.   2.670646E-9                     
        3640.   2.726643E-9                     
        3650.   2.890332E-9                     
        3660.   2.931309E-9                     
        3670.   2.862990E-9                     
        3680.   2.870208E-9                     
        3690.   2.903274E-9                     
        3700.   2.797405E-9                     
        3710.   2.703931E-9                     
        3720.   2.635283E-9                     
        3730.   2.523763E-9                     
        3740.   2.569407E-9                     
        3750.   2.766417E-9                     
        3760.   2.972249E-9                     
        3770.   3.150338E-9                     
        3780.   3.078118E-9                     
        3790.   3.012132E-9                     
        3800.   3.125949E-9                     
        3810.   2.819643E-9                     
        3820.   2.382094E-9                     
        3830.   2.511660E-9                     
        3840.   2.944652E-9                     
        3850.   3.170936E-9                     
        3860.   3.136777E-9                     
        3870.   2.966052E-9                     
        3880.   2.857157E-9                     
        3890.   3.102398E-9                     
        3900.   3.310345E-9                     
        3910.   2.969150E-9                     
        3920.   2.406265E-9                     
        3930.   2.568094E-9                     
        3940.   3.104404E-9                     
        3950.   2.923398E-9                     
        3960.   2.596056E-9                     
        3970.   3.253328E-9                     
        3980.   3.898641E-9                     
        3990.   4.005094E-9                     
        4000.   4.112276E-9                     
        4010.   4.176803E-9                     
        4020.   4.152742E-9                     
        4030.   4.131962E-9                     
        4040.   4.090766E-9                     
        4050.   4.137066E-9                     
        4060.   4.250445E-9                     
        4070.   4.395906E-9                     
        4080.   4.271590E-9                     
        4090.   3.978845E-9                     
        4100.   4.070715E-9                     
        4110.   4.222009E-9                     
        4120.   4.207791E-9                     
        4130.   4.268309E-9                     
        4140.   4.324816E-9                     
        4150.   4.316067E-9                     
        4160.   4.232581E-9                     
        4170.   4.176074E-9                     
        4180.   4.177533E-9                     
        4190.   4.180813E-9                     
        4200.   4.221645E-9                     
        4210.   4.195396E-9                     
        4220.   4.115557E-9                     
        4230.   4.105349E-9                     
        4240.   4.090766E-9                     
        4250.   4.040456E-9                     
        4260.   3.995251E-9                     
        4270.   3.947128E-9                     
        4280.   3.718183E-9                     
        4290.   3.341078E-9                     
        4300.   3.481654E-9                     
        4310.   3.949316E-9                     
        4320.   3.958795E-9                     
        4330.   3.687559E-9                     
        4340.   3.823177E-9                     
        4350.   4.099151E-9                     
        4360.   4.049935E-9                     
        4370.   3.940567E-9                     
        4380.   3.915412E-9                     
        4390.   3.967909E-9                     
        4400.   4.113369E-9                     
        4410.   4.211437E-9                     
        4420.   4.206698E-9                     
        4430.   4.228936E-9                     
        4440.   4.201229E-9                     
        4450.   4.177897E-9                     
        4460.   4.274141E-9                     
        4470.   4.311327E-9                     
        4480.   4.341222E-9                     
        4490.   4.442935E-9                     
        4500.   4.477203E-9                     
        4510.   4.319712E-9                     
        4520.   4.189563E-9                     
        4530.   4.224926E-9                     
        4540.   4.276329E-9                     
        4550.   4.376219E-9                     
        4560.   4.412676E-9                     
        4570.   4.329920E-9                     
        4580.   4.308411E-9                     
        4590.   4.340492E-9                     
        4600.   4.377313E-9                     
        4610.   4.391896E-9                     
        4620.   4.394813E-9                     
        4630.   4.356168E-9                     
        4640.   4.332472E-9                     
        4650.   4.315337E-9                     
        4660.   4.264299E-9                     
        4670.   4.299662E-9                     
        4680.   4.315337E-9                     
        4690.   4.260653E-9                     
        4700.   4.279245E-9                     
        4710.   4.368564E-9                     
        4720.   4.383510E-9                     
        4730.   4.370386E-9                     
        4740.   4.364554E-9                     
        4750.   4.353981E-9                     
        4760.   4.374761E-9                     
        4770.   4.396271E-9                     
        4780.   4.403927E-9                     
        4790.   4.413769E-9                     
        4800.   4.453507E-9                     
        4810.   4.472829E-9                     
        4820.   4.441112E-9                     
        4830.   4.418145E-9                     
        4840.   4.134514E-9                     
        4850.   3.748806E-9                     
        4860.   3.819896E-9                     
        4870.   4.035353E-9                     
        4880.   4.105349E-9                     
        4890.   4.168054E-9                     
        4900.   4.119202E-9                     
        4910.   4.039363E-9                     
        4920.   4.073996E-9                     
        4930.   4.136337E-9                     
        4940.   4.141805E-9                     
        4950.   4.112640E-9                     
        4960.   4.077278E-9                     
        4970.   4.049571E-9                     
        4980.   4.034623E-9                     
        4990.   4.023322E-9                     
        5000.   3.961346E-9                     
        5010.   3.989053E-9                     
        5020.   4.033165E-9                     
        5030.   4.002177E-9                     
        5040.   3.990876E-9                     
        5050.   3.951868E-9                     
        5060.   3.862185E-9                     
        5070.   3.869112E-9                     
        5080.   3.940567E-9                     
        5090.   3.876039E-9                     
        5100.   3.843228E-9                     
        5110.   3.833020E-9                     
        5120.   3.759743E-9                     
        5130.   3.725109E-9                     
        5140.   3.761930E-9                     
        5150.   3.675893E-9                     
        5160.   3.501960E-9                     
        5170.   3.531307E-9                     
        5180.   3.647457E-9                     
        5190.   3.716360E-9                     
        5200.   3.768492E-9                     
        5210.   3.760837E-9                     
        5220.   3.723287E-9                     
        5230.   3.771044E-9                     
        5240.   3.792189E-9                     
        5250.   3.671883E-9                     
        5260.   3.607793E-9                     
        5270.   3.707610E-9                     
        5280.   3.817344E-9                     
        5290.   3.824271E-9                     
        5300.   3.794376E-9                     
        5310.   3.737140E-9                     
        5320.   3.685736E-9                     
        5330.   3.721099E-9                     
        5340.   3.772138E-9                     
        5350.   3.761930E-9                     
        5360.   3.730213E-9                     
        5370.   3.740785E-9                     
        5380.   3.745525E-9                     
        5390.   3.703600E-9                     
        5400.   3.672612E-9                     
        5410.   3.722193E-9                     
        5420.   3.776513E-9                     
        5430.   3.800209E-9                     
        5440.   3.797293E-9                     
        5450.   3.787085E-9                     
        5460.   3.762295E-9                     
        5470.   3.730213E-9                     
        5480.   3.738598E-9                     
        5490.   3.728390E-9                     
        5500.   3.718547E-9                     
        5510.   3.730578E-9                     
        5520.   3.713443E-9                     
        5530.   3.700319E-9                     
        5540.   3.711621E-9                     
        5550.   3.701777E-9                     
        5560.   3.674435E-9                     
        5570.   3.657665E-9                     
        5580.   3.644650E-9                     
        5590.   3.649280E-9                     
        5600.   3.688653E-9                     
        5610.   3.595361E-9                     
        5620.   3.676622E-9                     
        5630.   3.555697E-9                     
        5640.   3.674800E-9                     
        5650.   3.489455E-9                     
        5660.   3.638635E-9                     
        5670.   3.502324E-9                     
        5680.   3.650738E-9                     
        5690.   3.491570E-9                     
        5700.   3.587742E-9                     
        5710.   3.544650E-9                     
        5720.   3.663498E-9                     
        5730.   3.513298E-9                     
        5740.   3.504366E-9                     
        5760.   3.510090E-9                     
        5780.   3.515631E-9                     
        5800.   3.497914E-9                     
        5820.   3.496528E-9                     
        5840.   3.469404E-9                     
        5860.   3.378555E-9                     
        5880.   3.329995E-9                     
        5900.   3.370936E-9                     
        5920.   3.392190E-9                     
        5940.   3.366269E-9                     
        5960.   3.356062E-9                     
        5980.   3.342828E-9                     
        6000.   3.323616E-9                     
        6020.   3.329011E-9                     
        6040.   3.334006E-9                     
        6060.   3.339109E-9                     
        6080.   3.364811E-9                     
        6100.   3.345745E-9                     
        6120.   3.259379E-9                     
        6140.   3.203054E-9                     
        6160.   3.190951E-9                     
        6180.   3.202107E-9                     
        6200.   3.218767E-9                     
        6220.   3.189602E-9                     
        6240.   3.149245E-9                     
        6260.   3.143120E-9                     
        6280.   3.156682E-9                     
        6300.   3.150739E-9                     
        6320.   3.155479E-9                     
        6340.   3.179649E-9                     
        6360.   3.165104E-9                     
        6380.   3.150667E-9                     
        6400.   3.139037E-9                     
        6420.   3.127444E-9                     
        6440.   3.108049E-9                     
        6460.   3.075749E-9                     
        6480.   3.067218E-9                     
        6500.   3.069332E-9                     
        6520.   2.949428E-9                     
        6540.   2.776953E-9                     
        6560.   2.785447E-9                     
        6580.   2.875421E-9                     
        6600.   2.923799E-9                     
        6620.   2.941334E-9                     
        6640.   2.941261E-9                     
        6660.   2.931017E-9                     
        6680.   2.938236E-9                     
        6700.   2.942647E-9                     
        6720.   2.930252E-9                     
        6740.   2.920117E-9                     
        6760.   2.910055E-9                     
        6780.   2.933569E-9                     
        6800.   2.952052E-9                     
        6820.   2.977572E-9                     
        6840.   2.960182E-9                     
        6860.   2.863245E-9                     
        6880.   2.874583E-9                     
        6900.   2.918112E-9                     
        6920.   2.846001E-9                     
        6940.   2.811440E-9                     
        6960.   2.804368E-9                     
        6980.   2.761131E-9                     
        7000.   2.740934E-9                     
        7020.   2.738637E-9                     
        7040.   2.727736E-9                     
        7060.   2.718878E-9                     
        7080.   2.692411E-9                     
        7100.   2.675093E-9                     
        7120.   2.653621E-9                     
        7140.   2.537289E-9                     
        7160.   2.385557E-9                     
        7180.   2.425732E-9                     
        7200.   2.554678E-9                     
        7220.   2.521467E-9                     
        7240.   2.454970E-9                     
        7260.   2.481292E-9                     
        7280.   2.505025E-9                     
        7300.   2.547168E-9                     
        7320.   2.572250E-9                     
        7340.   2.535721E-9                     
        7360.   2.489422E-9                     
        7380.   2.459892E-9                     
        7400.   2.438419E-9                     
        7420.   2.445382E-9                     
        7440.   2.444289E-9                     
        7460.   2.399374E-9                     
        7480.   2.367001E-9                     
        7500.   2.385703E-9                     
        7520.   2.419826E-9                     
        7540.   2.426243E-9                     
        7560.   2.126207E-9                     
        7580.   1.651983E-9                     
        7600.   1.690226E-9                     
        7620.   2.153695E-9                     
        7640.   2.395364E-9                     
        7660.   2.409181E-9                     
        7680.   2.333024E-9                     
        7700.   2.280162E-9                     
        7720.   2.275714E-9                     
        7740.   2.216145E-9                     
        7760.   2.175496E-9                     
        7780.   2.182386E-9                     
        7800.   2.185777E-9                     
        7820.   2.162809E-9                     
        7840.   2.160840E-9                     
        7860.   2.164195E-9                     
        7880.   2.131931E-9                     
        7900.   2.131639E-9                     
        7920.   2.103276E-9                     
        7940.   2.110239E-9                     
        7960.   2.113775E-9                     
        7980.   2.136342E-9                     
        8000.   2.115270E-9                     
        8020.   2.099448E-9                     
        8040.   2.116619E-9                     
        8060.   2.112864E-9                     
        8080.   2.109255E-9                     
        8100.   2.090370E-9                     
        8120.   2.118879E-9                     
        8140.   2.106666E-9                     
        8160.   2.075022E-9                     
        8180.   2.092813E-9                     
        8200.   2.059711E-9                     
        8220.   2.074147E-9                     
        8240.   2.106265E-9                     
        8260.   2.057304E-9                     
        8280.   2.036050E-9                     
        8300.   2.023072E-9                     
        8320.   1.962482E-9                     
        8340.   1.937181E-9                     
        8360.   1.942175E-9                     
        8380.   1.940717E-9                     
        8400.   1.901854E-9                     
        8420.   1.900542E-9                     
        8440.   1.927192E-9                     
        8460.   1.918077E-9                     
        8480.   1.878304E-9                     
        8500.   1.848154E-9                     
        8520.   1.818224E-9                     
        8540.   1.812865E-9                     
        8560.   1.822343E-9                     
        8580.   1.800469E-9                     
        8600.   1.792121E-9                     
        8620.   1.782314E-9                     
        8640.   1.751946E-9                     
        8660.   1.764451E-9                     
        8680.   1.789861E-9                     
        8700.   1.770065E-9                     
        8720.   1.746004E-9                     
        8740.   1.751035E-9                     
        8760.   1.740061E-9                     
        8780.   1.733572E-9                     
        8800.   1.745749E-9                     
        8820.   1.717896E-9                     
        8840.   1.693324E-9                     
        8860.   1.723583E-9                     
        8880.   1.729708E-9                     
        8900.   1.726208E-9                     
        8920.   1.718479E-9                     
        8940.   1.629380E-9                     
        8960.   1.538458E-9                     
        8980.   1.505574E-9                     
        9000.   1.577903E-9                     
        9020.   1.722526E-9                     
        9040.   1.702730E-9                     
        9060.   1.579836E-9                     
        9080.   1.625005E-9                     
        9100.   1.680346E-9                     
        9120.   1.629343E-9                     
        9140.   1.579945E-9                     
        9160.   1.615125E-9                     
        9180.   1.674695E-9                     
        9200.   1.683043E-9                     
        9220.   1.716037E-9                     
        9240.   1.716292E-9                     
        9260.   1.685778E-9                     
        9280.   1.624823E-9                     
        9300.   1.371889E-9                     
        9320.   1.182644E-9                     
        9340.   1.294601E-9                     
        9360.   1.548119E-9                     
        9380.   1.694272E-9                     
        9400.   1.598574E-9                     
        9420.   1.472472E-9                     
        9440.   1.529344E-9                     
        9460.   1.583263E-9                     
        9480.   1.512792E-9                     
        9500.   1.463686E-9                     
        9520.   1.450270E-9                     
        9540.   1.472071E-9                     
        9560.   1.503277E-9                     
        9580.   1.480201E-9                     
        9600.   1.446515E-9                     
        9620.   1.398903E-9                     
        9640.   1.402512E-9                     
        9660.   1.524240E-9                     
        9680.   1.576773E-9                     
        9700.   1.510532E-9                     
        9720.   1.449541E-9                     
        9740.   1.430802E-9                     
        9760.   1.427266E-9                     
        9780.   1.419136E-9                     
        9800.   1.388075E-9                     
        9820.   1.377867E-9                     
        9840.   1.373420E-9                     
        9860.   1.356504E-9                     
        9880.   1.361207E-9                     
        9900.   1.357926E-9                     
        9920.   1.342359E-9                     
        9940.   1.358218E-9                     
        9960.   1.377138E-9                     
        9980.   1.367222E-9                     
       10000.   1.358473E-9                     
       10020.   1.349796E-9                     
       10040.   1.332370E-9                     
       10060.   1.332479E-9                     
       10080.   1.338057E-9                     
       10100.   1.318735E-9                     
       10120.   1.289825E-9                     
       10140.   1.291211E-9                     
       10160.   1.282972E-9                     
       10180.   1.259785E-9                     
       10200.   1.259166E-9                     
       10220.   1.258400E-9                     
       10240.   1.246114E-9                     
       10260.   1.254864E-9                     
       10280.   1.245859E-9                     
       10300.   1.219246E-9                     
       10320.   1.219683E-9                     
       10340.   1.199523E-9                     
       10360.   1.171233E-9                     
       10380.   1.175972E-9                     
       10400.   1.178524E-9                     
       10420.   1.174004E-9                     
       10440.   1.176628E-9                     
       10460.   1.189242E-9                     
       10480.   1.201747E-9                     
       10500.   1.210168E-9                     
       10520.   1.236490E-9                     
       10540.   1.243708E-9                     
       10560.   1.192524E-9                     
       10580.   1.146698E-9                     
       10600.   1.155010E-9                     
       10800.   1.099487E-9                     
       11000.   1.047427E-9                     
       11200.  9.983205E-10                     
       11400.  9.518751E-10                     
       11600.  9.077994E-10                     
       11800.  8.658381E-10                     
       12000.  8.256633E-10                     
       12200.  7.872018E-10                     
       12400.  7.501257E-10                     
       12600.  7.138881E-10                     
       12800.  6.782339E-10                     
       13000.  6.532248E-10                     
       13200.  6.286168E-10                     
       13400.  6.040087E-10                     
       13600.  5.771768E-10                     
       13800.  5.532250E-10                     
       14000.  5.321533E-10                     
       14200.  5.136334E-10                     
       14400.  4.950771E-10                     
       14600.  4.772135E-10                     
       14800.  4.593499E-10                     
       15000.  4.414499E-10                     
       15200.  4.239144E-10                     
       15400.  4.073996E-10                     
       15600.  3.932546E-10                     
       15800.  3.799116E-10                     
       16000.  3.709798E-10                     
       16200.  3.635718E-10                     
       16400.  3.514319E-10                     
       16600.  3.355770E-10                     
       16800.  3.224309E-10                     
       17000.  3.109580E-10                     
       17200.  2.978046E-10                     
       17400.  2.848225E-10                     
       17600.  2.728466E-10                     
       17800.  2.624565E-10                     
       18000.  2.516290E-10                     
       18200.  2.416509E-10                     
       18400.  2.336232E-10                     
       18600.  2.256648E-10                     
       18800.  2.163611E-10                     
       19000.  2.096094E-10                     
       19200.  2.011770E-10                     
       19400.  1.937618E-10                     
       19600.  1.872835E-10                     
       19800.  1.807724E-10                     
       20000.  1.748045E-10                     
       20200.  1.690408E-10                     
       20400.  1.633062E-10                     
       20600.  1.571013E-10                     
       20800.  1.514688E-10                     
       21000.  1.457998E-10                     
       21200.  1.402002E-10                     
       21400.  1.361207E-10                     
       21600.  1.309949E-10                     
       21800.  1.272509E-10                     
       22000.  1.235433E-10                     
       22200.  1.200690E-10                     
       22400.  1.161207E-10                     
       22600.  1.126829E-10                     
       22800.  1.092742E-10                     
       23000.  1.059020E-10                     
       23200.  1.025298E-10                     
       23400.  9.966435E-11                     
       23600.  9.730198E-11                     
       23800.  9.396258E-11                     
       24000.  9.112992E-11                     
       24200.  8.883682E-11                     
       24400.  8.600416E-11                     
       24600.  8.323713E-11                     
       24800.  8.094402E-11                     
       25000.  7.818063E-11                     
       25200.  7.639062E-11                     
       25400.  7.413033E-11                     
       25600.  7.187368E-11                     
