angstroms,flam
         229.            0.                     
         234.            0.                     
         243.            0.                     
         252.            0.                     
         256.            0.                     
         260.            0.                     
         266.            0.                     
         275.            0.                     
         283.            0.                     
         293.            0.                     
         301.            0.                     
         309.            0.                     
         325.            0.                     
         342.            0.                     
         351.            0.                     
         356.            0.                     
         365.            0.                     
         375.            0.                     
         384.            0.                     
         400.            0.                     
         415.            0.                     
         425.            0.                     
         445.            0.                     
         472.            0.                     
         494.            0.                     
         506.            0.                     
         516.            0.                     
         540.            0.                     
         564.            0.                     
         587.            0.                     
         612.            0.                     
         640.            0.                     
         671.            0.                     
         705.            0.                     
         736.            0.                     
         770.            0.                     
         810.            0.                     
         850.            0.                     
         890.            0.                     
         920.            0.                     
         940.            0.                     
         962.            0.                     
         987.            0.                     
        1012.            0.                     
        1037.            0.                     
        1062.            0.                     
        1087.            0.                     
        1112.            0.                     
        1120.            0.                     
        1140.            0.                     
        1160.            0.                     
        1180.            0.                     
        1200.            0.                     
        1220.            0.                     
        1240.            0.                     
        1260.            0.                     
        1280.            0.                     
        1300.            0.                     
        1320.            0.                     
        1340.            0.                     
        1360.            0.                     
        1380.            0.                     
        1400.            0.                     
        1420.            0.                     
        1440.            0.                     
        1460.            0.                     
        1480.            0.                     
        1500.            0.                     
        1520.            0.                     
        1540.            0.                     
        1560.            0.                     
        1580.            0.                     
        1600.            0.                     
        1620.            0.                     
        1640.            0.                     
        1660.            0.                     
        1680.            0.                     
        1700.            0.                     
        1720.            0.                     
        1740.            0.                     
        1760.            0.                     
        1780.            0.                     
        1800.            0.                     
        1820.            0.                     
        1840.            0.                     
        1860.            0.                     
        1880.            0.                     
        1900.            0.                     
        1920.            0.                     
        1940.            0.                     
        1960.            0.                     
        1980.            0.                     
        2000.  1.489718E-12                     
       2002.5  1.375138E-12                     
        2005.  1.969424E-12                     
       2007.5  1.963538E-12                     
        2010.  2.478781E-12                     
       2012.5  2.624802E-12                     
        2015.  2.487116E-12                     
       2017.5  1.949389E-12                     
        2020.  1.588357E-12                     
       2022.5  1.168829E-12                     
        2025.  9.007333E-13                     
       2027.5  1.162321E-12                     
        2030.  1.576366E-12                     
       2032.5  1.890783E-12                     
        2035.  2.006350E-12                     
       2037.5  2.314004E-12                     
        2040.  2.099359E-12                     
       2042.5  1.971325E-12                     
        2045.  2.187542E-12                     
       2047.5  2.407891E-12                     
        2050.  2.799267E-12                     
       2052.5  2.815463E-12                     
        2055.  2.647250E-12                     
       2057.5  2.560237E-12                     
        2060.  2.442074E-12                     
       2062.5  3.057601E-12                     
        2065.  3.629329E-12                     
       2067.5  3.902069E-12                     
        2070.  4.081214E-12                     
       2072.5  3.593903E-12                     
        2075.  3.780689E-12                     
       2077.5  4.151044E-12                     
        2080.  4.789384E-12                     
       2082.5  5.279656E-12                     
        2085.  5.217870E-12                     
       2087.5  5.061392E-12                     
        2090.  4.631079E-12                     
       2092.5  4.375889E-12                     
        2095.  4.146291E-12                     
       2097.5  3.792754E-12                     
        2100.  3.455084E-12                     
       2102.5  2.928690E-12                     
        2105.  2.345226E-12                     
       2107.5  1.639907E-12                     
        2110.  1.464053E-12                     
       2112.5  1.217235E-12                     
        2115.  1.626892E-12                     
       2117.5  2.275579E-12                     
        2120.  2.805994E-12                     
       2122.5  3.310927E-12                     
        2125.  4.039535E-12                     
       2127.5  4.597078E-12                     
        2130.  5.067607E-12                     
       2132.5  5.353508E-12                     
        2135.  5.518395E-12                     
       2137.5  5.258452E-12                     
        2140.  4.688844E-12                     
       2142.5  3.509485E-12                     
        2145.  2.462804E-12                     
       2147.5  1.598192E-12                     
        2150.  1.289990E-12                     
       2152.5  1.354080E-12                     
        2155.  1.199393E-12                     
       2157.5  1.052019E-12                     
        2160.  1.128394E-12                     
       2162.5  1.107481E-12                     
        2165.  1.740045E-12                     
       2167.5  1.944563E-12                     
        2170.  1.868628E-12                     
       2172.5  1.645099E-12                     
        2175.  1.447747E-12                     
       2177.5  1.282349E-12                     
        2180.  1.074175E-12                     
       2182.5  6.579371E-13                     
        2185.  4.895775E-13                     
       2187.5  1.077538E-13                     
        2190.  2.225565E-13                     
       2192.5  6.636039E-13                     
        2195.  1.183709E-12                     
       2197.5  1.642028E-12                     
        2200.  1.979113E-12                     
       2202.5  2.258834E-12                     
        2205.  2.262381E-12                     
       2207.5  2.116762E-12                     
        2210.  1.845960E-12                     
       2212.5  1.654860E-12                     
        2215.  1.179212E-12                     
       2217.5  9.691740E-13                     
        2220.  6.842604E-13                     
       2222.5  2.680337E-13                     
        2225.  2.325082E-13                     
       2227.5  1.969790E-13                     
        2230.  1.614534E-13                     
       2232.5  1.259279E-13                     
        2235.  9.039872E-14                     
       2237.5  4.360533E-13                     
        2240.  9.415710E-13                     
       2242.5  1.457362E-12                     
        2245.  2.270132E-12                     
       2247.5  2.781901E-12                     
        2250.  3.191412E-12                     
       2252.5  3.837723E-12                     
        2255.  4.265477E-12                     
       2257.5  4.605121E-12                     
        2260.  4.627423E-12                     
       2262.5  4.262918E-12                     
        2265.  4.099859E-12                     
       2267.5  4.074633E-12                     
        2270.  4.282660E-12                     
       2272.5  4.542237E-12                     
        2275.  4.592691E-12                     
       2277.5  4.552109E-12                     
        2280.  4.114849E-12                     
       2282.5  3.529484E-12                     
        2285.  2.843176E-12                     
       2287.5  2.281319E-12                     
        2290.  1.747467E-12                     
       2292.5  1.403436E-12                     
        2295.  1.210179E-12                     
       2297.5  9.791184E-13                     
        2300.  9.271663E-13                     
       2302.5  1.057138E-12                     
        2305.  1.133439E-12                     
       2307.5  1.299495E-12                     
        2310.  1.401937E-12                     
       2312.5  1.539623E-12                     
        2315.  1.936593E-12                     
       2317.5  2.557568E-12                     
        2320.  3.503270E-12                     
       2322.5  4.440966E-12                     
        2325.  5.570675E-12                     
       2327.5  6.274459E-12                     
        2330.  6.824324E-12                     
       2332.5  6.951554E-12                     
        2335.  6.915725E-12                     
       2337.5  6.444099E-12                     
        2340.  5.775413E-12                     
       2342.5  4.916614E-12                     
        2345.  4.006265E-12                     
       2347.5  2.955891E-12                     
        2350.  2.524700E-12                     
       2352.5  2.408293E-12                     
        2355.  3.014680E-12                     
       2357.5  3.448284E-12                     
        2360.  4.200765E-12                     
       2362.5  4.840203E-12                     
        2365.  5.249312E-12                     
       2367.5  5.650011E-12                     
        2370.  6.244114E-12                     
       2372.5  6.600942E-12                     
        2375.  6.653588E-12                     
       2377.5  7.039664E-12                     
        2380.  6.749742E-12                     
       2382.5  6.278481E-12                     
        2385.  6.037183E-12                     
       2387.5  5.877781E-12                     
        2390.  5.899717E-12                     
       2392.5  5.660248E-12                     
        2395.  4.907840E-12                     
       2397.5  4.423051E-12                     
        2400.  3.419182E-12                     
       2402.5  2.703150E-12                     
        2405.  2.044226E-12                     
       2407.5  1.630292E-12                     
        2410.  8.902405E-13                     
       2412.5  1.545728E-12                     
        2415.  2.391731E-12                     
       2417.5  3.549592E-12                     
        2420.  4.397094E-12                     
       2422.5  5.415661E-12                     
        2425.  5.736659E-12                     
       2427.5  5.841952E-12                     
        2430.  5.325723E-12                     
       2432.5  4.925023E-12                     
        2435.  3.903166E-12                     
       2437.5  3.308697E-12                     
        2440.  3.016289E-12                     
       2442.5  3.248519E-12                     
        2445.  3.522757E-12                     
       2447.5  3.682342E-12                     
        2450.  4.921732E-12                     
       2452.5  6.586318E-12                     
        2455.  7.209303E-12                     
       2457.5  7.925883E-12                     
        2460.  9.135659E-12                     
       2462.5  9.363064E-12                     
        2465.  7.426106E-12                     
       2467.5  7.236358E-12                     
        2470.  7.188098E-12                     
       2472.5  6.565113E-12                     
        2475.  6.307363E-12                     
       2477.5  8.212149E-12                     
        2480.  8.424198E-12                     
       2482.5  7.021018E-12                     
        2485.  6.614835E-12                     
       2487.5  6.621415E-12                     
        2490.  5.321335E-12                     
       2492.5  5.127201E-12                     
        2495.  6.380118E-12                     
       2497.5  7.300338E-12                     
        2500.  7.353351E-12                     
       2502.5  7.830095E-12                     
        2505.  7.955863E-12                     
       2507.5  7.360662E-12                     
        2510.  6.759613E-12                     
       2512.5  5.772122E-12                     
        2515.  4.642778E-12                     
       2517.5  4.233670E-12                     
        2520.  4.114849E-12                     
       2522.5  4.873838E-12                     
        2525.  5.691324E-12                     
       2527.5  7.310941E-12                     
        2530.  8.088941E-12                     
       2532.5  8.645753E-12                     
        2535.  8.379961E-12                     
       2537.5  8.040682E-12                     
        2540.  7.853494E-12                     
       2542.5  7.682027E-12                     
        2545.  8.046531E-12                     
       2547.5  8.425661E-12                     
        2550.  8.623817E-12                     
       2552.5  8.955418E-12                     
        2555.  9.314438E-12                     
       2557.5  1.012022E-11                     
        2560.  1.077429E-11                     
       2562.5  1.155814E-11                     
        2565.  1.224693E-11                     
       2567.5  1.286919E-11                     
        2570.  9.569263E-12                     
       2572.5  6.365128E-12                     
        2575.  4.263283E-12                     
       2577.5  2.211233E-12                     
        2580.  1.168829E-12                     
       2582.5  2.724648E-12                     
        2585.  6.143940E-12                     
       2587.5  8.367896E-12                     
        2590.  1.103898E-11                     
       2592.5  1.174752E-11                     
        2595.  1.188352E-11                     
       2597.5  1.381646E-11                     
        2600.  1.520648E-11                     
       2602.5  1.580570E-11                     
        2605.  1.708640E-11                     
       2607.5  1.882118E-11                     
        2610.  1.862010E-11                     
       2612.5  1.790133E-11                     
        2615.  1.852249E-11                     
       2617.5  1.889833E-11                     
        2620.  1.850677E-11                     
       2622.5  1.938019E-11                     
        2625.  2.188712E-11                     
       2627.5  2.218874E-11                     
        2630.  2.133908E-11                     
       2632.5  2.263075E-11                     
        2635.  2.344422E-11                     
       2637.5  2.144255E-11                     
        2640.  2.013589E-11                     
       2642.5  2.051940E-11                     
        2645.  1.956957E-11                     
       2647.5  1.809802E-11                     
        2650.  1.728383E-11                     
       2652.5  1.678588E-11                     
        2655.  1.793533E-11                     
       2657.5  2.012309E-11                     
        2660.  2.386832E-11                     
       2662.5  2.666078E-11                     
        2665.  2.915967E-11                     
       2667.5  3.021626E-11                     
        2670.  3.044878E-11                     
       2672.5  2.875239E-11                     
        2675.  2.770494E-11                     
       2677.5  2.623961E-11                     
        2680.  2.490516E-11                     
       2682.5  2.373743E-11                     
        2685.  2.394656E-11                     
       2687.5  2.444853E-11                     
        2690.  2.514902E-11                     
       2692.5  2.609264E-11                     
        2695.  2.822044E-11                     
       2697.5  2.878018E-11                     
        2700.  2.764169E-11                     
       2702.5  2.801900E-11                     
        2705.  3.022869E-11                     
       2707.5  3.086776E-11                     
        2710.  3.110760E-11                     
       2712.5  3.131965E-11                     
        2715.  3.168452E-11                     
       2717.5  2.924888E-11                     
        2720.  2.829978E-11                     
       2722.5  2.872278E-11                     
        2725.  3.103448E-11                     
       2727.5  3.318934E-11                     
        2730.  3.485393E-11                     
       2732.5  3.631816E-11                     
        2735.  3.692213E-11                     
       2737.5  3.774474E-11                     
        2740.  3.865874E-11                     
       2742.5  3.878305E-11                     
        2745.  3.870992E-11                     
       2747.5  3.955081E-11                     
        2750.  4.001512E-11                     
       2752.5  3.919617E-11                     
        2755.  3.900241E-11                     
       2757.5  4.002975E-11                     
        2760.  3.948866E-11                     
       2762.5  3.790195E-11                     
        2765.  3.860390E-11                     
       2767.5  3.913402E-11                     
        2770.  3.946306E-11                     
       2772.5  3.986523E-11                     
        2775.  4.040997E-11                     
       2777.5  4.121430E-11                     
        2780.  4.110827E-11                     
       2782.5  5.023370E-11                     
        2785.  6.119444E-11                     
       2787.5  9.656642E-11                     
        2790.  1.301177E-10                     
       2792.5  1.719828E-10                     
        2795.  2.037938E-10                     
       2797.5  2.250280E-10                     
        2800.  2.130216E-10                     
       2802.5  1.860146E-10                     
        2805.  1.543937E-10                     
       2807.5  1.147807E-10                     
        2810.  8.031907E-11                     
       2812.5  5.758595E-11                     
        2815.  5.244559E-11                     
       2817.5  4.895409E-11                     
        2820.  5.034703E-11                     
       2822.5  4.959755E-11                     
        2825.  4.778782E-11                     
       2827.5  4.449375E-11                     
        2830.  4.227820E-11                     
       2832.5  4.187604E-11                     
        2835.  4.269864E-11                     
       2837.5  4.569292E-11                     
        2840.  4.623401E-11                     
       2842.5  4.572948E-11                     
        2845.  4.206615E-11                     
       2847.5  3.767162E-11                     
        2850.  3.416220E-11                     
       2852.5  3.309209E-11                     
        2855.  3.466637E-11                     
       2857.5  3.928392E-11                     
        2860.  4.650456E-11                     
       2862.5  5.348755E-11                     
        2865.  5.942127E-11                     
       2867.5  6.136627E-11                     
        2870.  6.255813E-11                     
       2872.5  6.134799E-11                     
        2875.  5.959676E-11                     
       2877.5  5.736293E-11                     
        2880.  5.956020E-11                     
       2882.5  6.260566E-11                     
        2885.  6.738408E-11                     
       2887.5  7.295585E-11                     
        2890.  7.982186E-11                     
       2892.5  8.364606E-11                     
        2895.  8.507921E-11                     
       2897.5  8.472092E-11                     
        2900.  8.326948E-11                     
       2902.5  8.336819E-11                     
        2905.  8.495491E-11                     
       2907.5  8.983569E-11                     
        2910.  9.412420E-11                     
       2912.5  9.919145E-11                     
        2915.  1.026720E-10                     
       2917.5  1.050703E-10                     
        2920.  1.028475E-10                     
       2922.5  1.007197E-10                     
        2925.  9.990802E-11                     
       2927.5  9.928284E-11                     
        2930.  9.905251E-11                     
       2932.5  9.909273E-11                     
        2935.  9.928284E-11                     
       2937.5  9.827378E-11                     
        2940.  9.639824E-11                     
       2942.5  9.631781E-11                     
        2945.  9.728300E-11                     
       2947.5  9.998114E-11                     
        2950.  1.029242E-10                     
       2952.5  1.069276E-10                     
        2955.  1.067301E-10                     
       2957.5  1.044598E-10                     
        2960.  1.006063E-10                     
       2962.5  9.728666E-11                     
        2965.  9.274222E-11                     
       2967.5  9.142971E-11                     
        2970.  9.543671E-11                     
       2972.5  9.886606E-11                     
        2975.  1.020468E-10                     
       2977.5  1.045694E-10                     
        2980.  1.068179E-10                     
       2982.5  1.089347E-10                     
        2985.  1.109273E-10                     
       2987.5  1.121301E-10                     
        2990.  1.140422E-10                     
       2992.5  1.181516E-10                     
        2995.  1.167184E-10                     
       2997.5  1.138411E-10                     
        3000.  1.144846E-10                     
       3002.5  1.166489E-10                     
        3005.  1.197639E-10                     
       3007.5  1.219428E-10                     
        3010.  1.224620E-10                     
       3012.5  1.204877E-10                     
        3015.  1.151061E-10                     
       3017.5  1.117791E-10                     
        3020.  1.103423E-10                     
       3022.5  1.186341E-10                     
        3025.  1.279278E-10                     
       3027.5  1.444822E-10                     
        3030.  1.560645E-10                     
       3032.5  1.613109E-10                     
        3035.  1.609672E-10                     
       3037.5  1.589198E-10                     
        3040.  1.530958E-10                     
       3042.5  1.483356E-10                     
        3045.  1.520538E-10                     
       3047.5  1.555928E-10                     
        3050.  1.589893E-10                     
       3052.5  1.599106E-10                     
        3055.  1.567591E-10                     
       3057.5  1.505110E-10                     
        3060.  1.446979E-10                     
       3062.5  1.426067E-10                     
        3065.  1.422959E-10                     
       3067.5  1.505512E-10                     
        3070.  1.613620E-10                     
       3072.5  1.745274E-10                     
        3075.  1.817297E-10                     
       3077.5  1.876123E-10                     
        3080.  1.900472E-10                     
       3082.5  1.913377E-10                     
        3085.  1.900508E-10                     
       3087.5  1.870931E-10                     
        3090.  1.832799E-10                     
       3092.5  1.838758E-10                     
        3095.  1.863619E-10                     
       3097.5  1.968547E-10                     
        3100.  2.112411E-10                     
       3102.5  2.327824E-10                     
        3105.  2.530733E-10                     
       3107.5  2.725891E-10                     
        3110.  2.808554E-10                     
       3112.5  2.827894E-10                     
        3115.  2.757186E-10                     
       3117.5  2.694412E-10                     
        3120.  2.616612E-10                     
       3122.5  2.584878E-10                     
        3125.  2.656024E-10                     
       3127.5  2.739857E-10                     
        3130.  2.825079E-10                     
       3132.5  2.963459E-10                     
        3135.  3.141800E-10                     
       3137.5  3.211959E-10                     
        3140.  3.270784E-10                     
       3142.5  3.315168E-10                     
        3145.  3.346390E-10                     
       3147.5  3.350778E-10                     
        3150.  3.379733E-10                     
       3152.5  3.434647E-10                     
        3155.  3.544620E-10                     
       3157.5  3.658212E-10                     
        3160.  3.799700E-10                     
       3162.5  3.981404E-10                     
        3165.  4.222701E-10                     
       3167.5  4.506409E-10                     
        3170.  4.779879E-10                     
       3172.5  4.918442E-10                     
        3175.  5.018617E-10                     
       3177.5  4.984250E-10                     
        3180.  4.934163E-10                     
       3182.5  4.869086E-10                     
        3185.  4.761965E-10                     
       3187.5  4.590497E-10                     
        3190.  4.469483E-10                     
       3192.5  4.357609E-10                     
        3195.  4.257068E-10                     
       3197.5  4.201496E-10                     
        3200.  4.280101E-10                     
       3202.5  4.230014E-10                     
        3205.  4.180292E-10                     
       3207.5  4.130570E-10                     
        3210.  4.080848E-10                     
       3212.5  4.030760E-10                     
        3215.  3.981039E-10                     
       3217.5  3.931317E-10                     
        3220.  3.881229E-10                     
       3222.5  4.020524E-10                     
        3225.  4.159818E-10                     
       3227.5  4.299112E-10                     
        3230.  4.438407E-10                     
       3232.5  4.577701E-10                     
        3235.  4.716629E-10                     
       3237.5  4.855924E-10                     
        3240.  4.995218E-10                     
        3260.  5.749821E-10                     
        3270.  5.993311E-10                     
        3280.  5.770294E-10                     
        3290.  6.448851E-10                     
        3300.  7.273649E-10                     
        3310.  6.283599E-10                     
        3320.  6.540252E-10                     
        3330.  6.438615E-10                     
        3340.  6.683933E-10                     
        3350.  7.295585E-10                     
        3360.  6.068259E-10                     
        3370.  5.625150E-10                     
        3380.  5.892405E-10                     
        3390.  6.473712E-10                     
        3400.  7.015168E-10                     
        3410.  6.472615E-10                     
        3420.  6.824690E-10                     
        3430.  7.181152E-10                     
        3440.  5.020810E-10                     
        3450.  5.358992E-10                     
        3460.  6.361472E-10                     
        3470.  5.935181E-10                     
        3480.  6.457991E-10                     
        3490.  6.540983E-10                     
        3500.  7.341651E-10                     
        3510.  7.688973E-10                     
        3520.  6.349773E-10                     
        3530.  6.951554E-10                     
        3540.  8.341938E-10                     
        3550.  8.367530E-10                     
        3560.  6.788495E-10                     
        3570.  5.532287E-10                     
        3580.  4.304596E-10                     
        3590.  5.274173E-10                     
        3600.  6.603135E-10                     
        3610.  6.764366E-10                     
        3620.  6.736945E-10                     
        3630.  7.348963E-10                     
        3640.  7.173840E-10                     
        3650.  8.567880E-10                     
        3660.   1.021857E-9                     
        3670.   1.022150E-9                     
        3680.  8.560568E-10                     
        3690.  8.874254E-10                     
        3700.  8.720701E-10                     
        3710.  8.130985E-10                     
        3720.  6.884649E-10                     
        3730.  5.210923E-10                     
        3740.  4.648628E-10                     
        3750.  5.404692E-10                     
        3760.  6.165875E-10                     
        3770.  8.140491E-10                     
        3780.  9.330525E-10                     
        3790.  7.985476E-10                     
        3800.  7.639617E-10                     
        3810.  7.042589E-10                     
        3820.  5.190815E-10                     
        3830.  4.265477E-10                     
        3840.  5.278194E-10                     
        3850.  5.666463E-10                     
        3860.  5.565557E-10                     
        3870.  5.652936E-10                     
        3880.  5.990387E-10                     
        3890.  7.267799E-10                     
        3900.  8.178879E-10                     
        3910.  8.844274E-10                     
        3920.  7.965002E-10                     
        3930.  6.570597E-10                     
        3940.  6.920843E-10                     
        3950.  9.237662E-10                     
        3960.  8.565686E-10                     
        3970.  7.892978E-10                     
        3980.   1.211093E-9                     
        3990.   1.477361E-9                     
        4000.   1.580753E-9                     
        4010.   1.690762E-9                     
        4020.   1.744469E-9                     
        4030.   1.604736E-9                     
        4040.   1.466356E-9                     
        4050.   1.600422E-9                     
        4060.   1.591904E-9                     
        4070.   1.511435E-9                     
        4080.   1.728310E-9                     
        4090.   1.999769E-9                     
        4100.   1.884604E-9                     
        4110.   1.897181E-9                     
        4120.   1.952351E-9                     
        4130.   1.850128E-9                     
        4140.   1.723520E-9                     
        4150.   1.725531E-9                     
        4160.   1.824865E-9                     
        4170.   1.808413E-9                     
        4180.   1.725787E-9                     
        4190.   1.727030E-9                     
        4200.   1.747248E-9                     
        4210.   1.842743E-9                     
        4220.   1.520465E-9                     
        4230.   1.413527E-9                     
        4240.   1.708275E-9                     
        4250.   1.698952E-9                     
        4260.   1.678734E-9                     
        4270.   1.680672E-9                     
        4280.   1.624150E-9                     
        4290.   1.661990E-9                     
        4300.   1.481857E-9                     
        4310.   1.733648E-9                     
        4320.   2.026056E-9                     
        4330.   2.177232E-9                     
        4340.   2.338243E-9                     
        4350.   2.316892E-9                     
        4360.   2.451104E-9                     
        4370.   2.400213E-9                     
        4380.   2.006387E-9                     
        4390.   2.101333E-9                     
        4400.   2.161475E-9                     
        4410.   2.212988E-9                     
        4420.   2.437504E-9                     
        4430.   2.474247E-9                     
        4440.   2.532085E-9                     
        4450.   2.512306E-9                     
        4460.   2.467959E-9                     
        4470.   2.854144E-9                     
        4480.   2.994718E-9                     
        4490.   2.910593E-9                     
        4500.   3.087106E-9                     
        4510.   3.269577E-9                     
        4520.   3.055408E-9                     
        4530.   2.808919E-9                     
        4540.   2.935015E-9                     
        4550.   3.182199E-9                     
        4560.   3.227241E-9                     
        4570.   3.413807E-9                     
        4580.   3.304309E-9                     
        4590.   3.297911E-9                     
        4600.   3.316228E-9                     
        4610.   3.407811E-9                     
        4620.   3.546119E-9                     
        4630.   3.506341E-9                     
        4640.   3.371617E-9                     
        4650.   3.255100E-9                     
        4660.   3.295023E-9                     
        4670.   3.342771E-9                     
        4680.   3.365658E-9                     
        4690.   3.403497E-9                     
        4700.   3.239196E-9                     
        4710.   3.310379E-9                     
        4720.   3.409384E-9                     
        4730.   3.420425E-9                     
        4740.   3.425360E-9                     
        4750.   3.443567E-9                     
        4760.   3.292354E-9                     
        4770.   3.224682E-9                     
        4780.   3.264861E-9                     
        4790.   3.313925E-9                     
        4800.   3.482504E-9                     
        4810.   3.500784E-9                     
        4820.   3.539063E-9                     
        4830.   3.403059E-9                     
        4840.   3.441374E-9                     
        4850.   3.448978E-9                     
        4860.   3.281423E-9                     
        4870.   3.224243E-9                     
        4880.   3.138509E-9                     
        4890.   3.280911E-9                     
        4900.   3.414246E-9                     
        4910.   3.339773E-9                     
        4920.   3.221684E-9                     
        4930.   3.278352E-9                     
        4940.   3.456436E-9                     
        4950.   3.346975E-9                     
        4960.   3.233822E-9                     
        4970.   3.323687E-9                     
        4980.   3.196640E-9                     
        4990.   3.098805E-9                     
        5000.   3.100669E-9                     
        5010.   2.978632E-9                     
        5020.   3.007477E-9                     
        5030.   3.075296E-9                     
        5040.   2.910374E-9                     
        5050.   2.942985E-9                     
        5060.   2.987077E-9                     
        5070.   2.886025E-9                     
        5080.   2.833195E-9                     
        5090.   2.893044E-9                     
        5100.   2.819997E-9                     
        5110.   2.803399E-9                     
        5120.   2.769982E-9                     
        5130.   2.682092E-9                     
        5140.   2.673756E-9                     
        5150.   2.729766E-9                     
        5160.   2.601988E-9                     
        5170.   2.234961E-9                     
        5180.   2.170249E-9                     
        5190.   2.519436E-9                     
        5200.   2.621073E-9                     
        5210.   2.737883E-9                     
        5220.   3.048571E-9                     
        5230.   3.205231E-9                     
        5240.   3.413442E-9                     
        5250.   3.438485E-9                     
        5260.   3.112332E-9                     
        5270.   2.866977E-9                     
        5280.   3.213567E-9                     
        5290.   3.467514E-9                     
        5300.   3.544145E-9                     
        5310.   3.676858E-9                     
        5320.   3.530946E-9                     
        5330.   3.326977E-9                     
        5340.   3.406422E-9                     
        5350.   3.586079E-9                     
        5360.   3.696600E-9                     
        5370.   3.579169E-9                     
        5380.   3.622091E-9                     
        5390.   3.661868E-9                     
        5400.   3.396917E-9                     
        5410.   3.387374E-9                     
        5420.   3.782882E-9                     
        5430.   3.691116E-9                     
        5440.   3.712321E-9                     
        5450.   3.775205E-9                     
        5460.   3.731698E-9                     
        5470.   3.837357E-9                     
        5480.   3.797507E-9                     
        5490.   3.857465E-9                     
        5500.   3.861853E-9                     
        5510.   3.759850E-9                     
        5520.   3.727676E-9                     
        5530.   3.958371E-9                     
        5540.   3.962393E-9                     
        5550.   4.074998E-9                     
        5560.   4.074633E-9                     
        5570.   3.909381E-9                     
        5580.   3.877208E-9                     
        5590.   3.781420E-9                     
        5600.   3.700256E-9                     
        5610.   3.807743E-9                     
        5620.   3.917424E-9                     
        5630.   3.914134E-9                     
        5640.   4.064761E-9                     
        5650.   4.096203E-9                     
        5660.   4.008459E-9                     
        5670.   4.018696E-9                     
        5680.   4.011384E-9                     
        5690.   4.038804E-9                     
        5700.   4.069149E-9                     
        5710.   3.941919E-9                     
        5720.   4.057449E-9                     
        5730.   4.220142E-9                     
        5740.   4.222336E-9                     
        5760.   4.223067E-9                     
        5780.   4.220874E-9                     
        5800.   4.221605E-9                     
        5820.   4.221970E-9                     
        5840.   4.219411E-9                     
        5860.   4.219777E-9                     
        5880.   4.220508E-9                     
        5900.   4.217583E-9                     
        5920.   4.217583E-9                     
        5940.   4.217583E-9                     
        5960.   4.217583E-9                     
        5980.   4.220508E-9                     
        6000.   3.895122E-9                     
        6020.   4.220142E-9                     
        6040.   4.299113E-9                     
        6060.   4.343716E-9                     
        6080.   4.324339E-9                     
        6100.   4.215024E-9                     
        6120.   4.059643E-9                     
        6140.   3.817249E-9                     
        6160.   3.774839E-9                     
        6180.   3.940091E-9                     
        6200.   4.120698E-9                     
        6220.   4.054159E-9                     
        6240.   3.925102E-9                     
        6260.   3.971167E-9                     
        6280.   3.849422E-9                     
        6300.   3.957275E-9                     
        6320.   4.027104E-9                     
        6340.   4.151409E-9                     
        6360.   4.059277E-9                     
        6380.   4.159818E-9                     
        6400.   4.196744E-9                     
        6420.   4.221970E-9                     
        6440.   4.193088E-9                     
        6460.   4.212465E-9                     
        6480.   4.128011E-9                     
        6500.   4.060374E-9                     
        6520.   4.205884E-9                     
        6540.   4.323608E-9                     
        6560.   4.250853E-9                     
        6580.   4.255972E-9                     
        6600.   4.311909E-9                     
        6620.   4.306059E-9                     
        6640.   4.153968E-9                     
        6660.   4.144097E-9                     
        6680.   4.191625E-9                     
        6700.   4.126914E-9                     
        6720.   4.050869E-9                     
        6740.   4.102784E-9                     
        6760.   4.059277E-9                     
        6780.   4.054525E-9                     
        6800.   4.059643E-9                     
        6820.   4.011749E-9                     
        6840.   4.026739E-9                     
        6860.   3.787635E-9                     
        6880.   3.687826E-9                     
        6900.   3.868068E-9                     
        6920.   3.913037E-9                     
        6940.   4.029298E-9                     
        6960.   4.047578E-9                     
        6980.   4.008459E-9                     
        7000.   3.887811E-9                     
        7020.   3.944844E-9                     
        7040.   4.053062E-9                     
        7060.   4.090354E-9                     
        7080.   3.967146E-9                     
        7100.   4.024545E-9                     
        7120.   3.973361E-9                     
        7140.   3.918521E-9                     
        7160.   3.981404E-9                     
        7180.   3.924371E-9                     
        7200.   3.793119E-9                     
        7220.   3.770086E-9                     
        7240.   3.840648E-9                     
        7260.   3.895854E-9                     
        7280.   3.907918E-9                     
        7300.   3.970071E-9                     
        7320.   3.936070E-9                     
        7340.   3.935338E-9                     
        7360.   3.831508E-9                     
        7380.   3.876476E-9                     
        7400.   3.900241E-9                     
        7420.   3.958006E-9                     
        7440.   3.973361E-9                     
        7460.   4.026008E-9                     
        7480.   3.984694E-9                     
        7500.   3.977382E-9                     
        7520.   3.963855E-9                     
        7540.   3.966414E-9                     
        7560.   3.887079E-9                     
        7580.   3.829679E-9                     
        7600.   3.466052E-9                     
        7620.   3.480567E-9                     
        7640.   3.714515E-9                     
        7660.   3.788367E-9                     
        7680.   3.651229E-9                     
        7700.   3.878670E-9                     
        7720.   3.779958E-9                     
        7740.   3.855272E-9                     
        7760.   3.866971E-9                     
        7780.   3.861853E-9                     
        7800.   3.856734E-9                     
        7820.   3.930220E-9                     
        7840.   3.895488E-9                     
        7860.   3.875746E-9                     
        7880.   3.845400E-9                     
        7900.   3.747419E-9                     
        7920.   3.657115E-9                     
        7940.   3.582350E-9                     
        7960.   3.703181E-9                     
        7980.   3.800066E-9                     
        8000.   3.772646E-9                     
        8020.   3.743397E-9                     
        8040.   3.771183E-9                     
        8060.   3.707934E-9                     
        8080.   3.594159E-9                     
        8100.   3.651156E-9                     
        8120.   3.768624E-9                     
        8140.   3.788732E-9                     
        8160.   3.641175E-9                     
        8180.   3.565020E-9                     
        8200.   3.547654E-9                     
        8220.   3.627794E-9                     
        8240.   3.767893E-9                     
        8260.   3.702084E-9                     
        8280.   3.671374E-9                     
        8300.   3.650388E-9                     
        8320.   3.524950E-9                     
        8340.   3.583446E-9                     
        8360.   3.457899E-9                     
        8380.   3.714515E-9                     
        8400.   3.551420E-9                     
        8420.   3.690385E-9                     
        8440.   3.423898E-9                     
        8460.   3.653862E-9                     
        8480.   3.636642E-9                     
        8500.   3.473035E-9                     
        8520.   3.398269E-9                     
        8540.   3.298314E-9                     
        8560.   3.301166E-9                     
        8580.   3.550871E-9                     
        8600.   3.636824E-9                     
        8620.   3.506012E-9                     
        8640.   3.391213E-9                     
        8660.   3.268517E-9                     
        8680.   3.197298E-9                     
        8700.   3.540379E-9                     
        8720.   3.575513E-9                     
        8740.   3.592770E-9                     
        8760.   3.352679E-9                     
        8780.   3.424227E-9                     
        8800.   3.244534E-9                     
        8820.   3.219819E-9                     
        8840.   3.287931E-9                     
        8860.   3.430698E-9                     
        8880.   3.290929E-9                     
        8900.   3.395783E-9                     
        8920.   3.454864E-9                     
        8940.   3.407336E-9                     
        8960.   3.396222E-9                     
        8980.   3.334179E-9                     
        9000.   3.189949E-9                     
        9020.   3.254003E-9                     
        9040.   3.487769E-9                     
        9060.   3.365219E-9                     
        9080.   3.217918E-9                     
        9100.   3.296632E-9                     
        9120.   3.283507E-9                     
        9140.   3.151781E-9                     
        9160.   2.978558E-9                     
        9180.   3.111089E-9                     
        9200.   3.225376E-9                     
        9220.   3.213970E-9                     
        9240.   3.227570E-9                     
        9260.   3.090067E-9                     
        9280.   3.075479E-9                     
        9300.   2.984920E-9                     
        9320.   3.042721E-9                     
        9340.   3.033581E-9                     
        9360.   2.698654E-9                     
        9380.   2.878493E-9                     
        9400.   3.234663E-9                     
        9420.   2.877945E-9                     
        9440.   2.765705E-9                     
        9460.   2.850013E-9                     
        9480.   2.898747E-9                     
        9500.   2.949530E-9                     
        9520.   2.985066E-9                     
        9540.   2.965214E-9                     
        9560.   3.001664E-9                     
        9580.   3.019506E-9                     
        9600.   2.904122E-9                     
        9620.   2.984847E-9                     
        9640.   3.013181E-9                     
        9660.   3.040199E-9                     
        9680.   2.946678E-9                     
        9700.   3.045975E-9                     
        9720.   3.066412E-9                     
        9740.   2.921122E-9                     
        9760.   2.864710E-9                     
        9780.   3.005613E-9                     
        9800.   2.893556E-9                     
        9820.   2.989271E-9                     
        9840.   2.887304E-9                     
        9860.   3.002981E-9                     
        9880.   2.865222E-9                     
        9900.   2.991172E-9                     
        9920.   2.979143E-9                     
        9940.   3.007770E-9                     
        9960.   3.021590E-9                     
        9980.   3.100121E-9                     
       10000.   3.030913E-9                     
       10020.   3.071056E-9                     
       10040.   3.095258E-9                     
       10060.   3.034532E-9                     
       10080.   2.979655E-9                     
       10100.   2.978814E-9                     
       10120.   2.925729E-9                     
       10140.   2.993365E-9                     
       10160.   2.770970E-9                     
       10180.   2.793454E-9                     
       10200.   2.793235E-9                     
       10220.   2.774772E-9                     
       10240.   2.683189E-9                     
       10260.   2.781828E-9                     
       10280.   2.724611E-9                     
       10300.   2.869536E-9                     
       10320.   2.865734E-9                     
       10340.   2.851585E-9                     
       10360.   2.897724E-9                     
       10380.   2.984774E-9                     
       10400.   2.897066E-9                     
       10420.   2.928069E-9                     
       10440.   2.818644E-9                     
       10460.   2.831331E-9                     
       10480.   2.831733E-9                     
       10500.   2.881528E-9                     
       10520.   2.816195E-9                     
       10540.   2.808554E-9                     
       10560.   2.808956E-9                     
       10580.   2.820216E-9                     
       10600.   2.794843E-9                     
       10800.   2.687868E-9                     
       11000.   2.564807E-9                     
       11200.   2.433812E-9                     
       11400.   2.302049E-9                     
       11600.   2.175368E-9                     
       11800.   2.058521E-9                     
       12000.   1.955056E-9                     
       12200.   1.867970E-9                     
       12400.   1.799639E-9                     
       12600.   1.753865E-9                     
       12800.   1.711017E-9                     
       13000.   1.675005E-9                     
       13200.   1.647548E-9                     
       13400.   1.613072E-9                     
       13600.   1.582471E-9                     
       13800.   1.551176E-9                     
       14000.   1.524048E-9                     
       14200.   1.499589E-9                     
       14400.   1.479554E-9                     
       14600.   1.459007E-9                     
       14800.   1.437766E-9                     
       15000.   1.422959E-9                     
       15200.   1.408372E-9                     
       15400.   1.394186E-9                     
       15600.   1.380732E-9                     
       15800.   1.367022E-9                     
       16000.   1.348303E-9                     
       16200.   1.324466E-9                     
       16400.   1.290684E-9                     
       16600.   1.243595E-9                     
       16800.   1.195079E-9                     
       17000.   1.149014E-9                     
       17200.   1.105799E-9                     
       17400.   1.066461E-9                     
       17600.   1.025586E-9                     
       17800.  9.853701E-10                     
       18000.  9.459948E-10                     
       18200.  9.098734E-10                     
       18400.  8.771520E-10                     
       18600.  8.436994E-10                     
       18800.  8.120383E-10                     
       19000.  7.842526E-10                     
       19200.  7.578561E-10                     
       19400.  7.303263E-10                     
       19600.  7.057578E-10                     
       19800.  6.815916E-10                     
       20000.  6.576446E-10                     
       20200.  6.339902E-10                     
       20400.  6.119079E-10                     
       20600.  5.916169E-10                     
       20800.  5.721669E-10                     
       21000.  5.534846E-10                     
       21200.  5.365573E-10                     
       21400.  5.201052E-10                     
       21600.  5.040552E-10                     
       21800.  4.883344E-10                     
       22000.  4.729426E-10                     
       22200.  4.578432E-10                     
       22400.  4.430729E-10                     
       22600.  4.297650E-10                     
       22800.  4.156528E-10                     
       23000.  4.007728E-10                     
       23200.  3.861121E-10                     
       23400.  3.728408E-10                     
       23600.  3.596682E-10                     
       23800.  3.469489E-10                     
       24000.  3.346610E-10                     
       24200.  3.230458E-10                     
       24400.  3.115988E-10                     
       24600.  3.009708E-10                     
       24800.  2.920172E-10                     
       25000.  2.837655E-10                     
       25200.  2.758064E-10                     
       25400.  2.692365E-10                     
       25600.  2.633576E-10                     
