angstroms,flam
         229.            0.                     
         234.            0.                     
         243.            0.                     
         252.            0.                     
         256.            0.                     
         260.            0.                     
         266.            0.                     
         275.            0.                     
         283.            0.                     
         293.            0.                     
         301.            0.                     
         309.            0.                     
         325.            0.                     
         342.            0.                     
         351.            0.                     
         356.            0.                     
         365.            0.                     
         375.            0.                     
         384.            0.                     
         400.            0.                     
         415.            0.                     
         425.            0.                     
         445.            0.                     
         472.            0.                     
         494.            0.                     
         506.            0.                     
         516.            0.                     
         540.            0.                     
         564.            0.                     
         587.            0.                     
         612.            0.                     
         640.            0.                     
         671.            0.                     
         705.            0.                     
         736.            0.                     
         770.            0.                     
         810.            0.                     
         850.            0.                     
         890.            0.                     
         920.            0.                     
         940.            0.                     
         962.            0.                     
         987.            0.                     
        1012.            0.                     
        1037.            0.                     
        1062.            0.                     
        1087.            0.                     
        1112.            0.                     
        1120.            0.                     
        1140.            0.                     
        1160.            0.                     
        1180.            0.                     
        1200.            0.                     
        1220.            0.                     
        1240.            0.                     
        1260.            0.                     
        1280.            0.                     
        1300.            0.                     
        1320.            0.                     
        1340.            0.                     
        1360.            0.                     
        1380.            0.                     
        1400.            0.                     
        1420.            0.                     
        1440.            0.                     
        1460.            0.                     
        1480.            0.                     
        1500.            0.                     
        1520.            0.                     
        1540.            0.                     
        1560.            0.                     
        1580.            0.                     
        1600.            0.                     
        1620.            0.                     
        1640.            0.                     
        1660.            0.                     
        1680.            0.                     
        1700.            0.                     
        1720.            0.                     
        1740.            0.                     
        1760.            0.                     
        1780.            0.                     
        1800.            0.                     
        1820.            0.                     
        1840.            0.                     
        1860.            0.                     
        1880.            0.                     
        1900.            0.                     
        1920.            0.                     
        1940.            0.                     
        1960.            0.                     
        1980.            0.                     
        2000.  2.179028E-12                     
       2002.5  2.179028E-12                     
        2005.  2.623863E-12                     
       2007.5  2.173064E-12                     
        2010.  3.874366E-12                     
       2012.5  4.451961E-12                     
        2015.  4.146175E-12                     
       2017.5  3.926053E-12                     
        2020.  3.797378E-12                     
       2022.5  1.997726E-12                     
        2025.  7.624756E-13                     
       2027.5  1.565216E-12                     
        2030.  2.194787E-12                     
       2032.5  2.131642E-12                     
        2035.  2.897913E-12                     
       2037.5  4.217019E-12                     
        2040.  3.639425E-12                     
       2042.5  3.061505E-12                     
        2045.  3.018565E-12                     
       2047.5  3.313217E-12                     
        2050.  4.226417E-12                     
       2052.5  4.698107E-12                     
        2055.  4.998110E-12                     
       2057.5  4.433888E-12                     
        2060.  3.384097E-12                     
       2062.5  3.820149E-12                     
        2065.  4.792807E-12                     
       2067.5  6.609446E-12                     
        2070.  7.527887E-12                     
       2072.5  6.137034E-12                     
        2075.  5.597752E-12                     
       2077.5  5.586909E-12                     
        2080.  7.044992E-12                     
       2082.5  8.503075E-12                     
        2085.  9.010910E-12                     
       2087.5  8.940790E-12                     
        2090.  8.004638E-12                     
       2092.5  7.481622E-12                     
        2095.  7.061619E-12                     
       2097.5  6.764508E-12                     
        2100.  6.426192E-12                     
       2102.5  5.436547E-12                     
        2105.  4.563287E-12                     
       2107.5  3.837860E-12                     
        2110.  2.732767E-12                     
       2112.5  9.521276E-13                     
        2115.  1.746700E-12                     
       2117.5  3.177927E-12                     
        2120.  3.680991E-12                     
       2122.5  4.252803E-12                     
        2125.  5.621608E-12                     
       2127.5  6.797762E-12                     
        2130.  7.765359E-12                     
       2132.5  8.329579E-12                     
        2135.  8.838499E-12                     
       2137.5  9.180791E-12                     
        2140.  9.125489E-12                     
       2142.5  7.647165E-12                     
        2145.  5.502692E-12                     
       2147.5  2.913708E-12                     
        2150.  1.747603E-12                     
       2152.5  1.894749E-12                     
        2155.  2.285403E-12                     
       2157.5  2.349560E-12                     
        2160.  1.232539E-12                     
       2162.5  5.859079E-13                     
        2165.  2.409307E-12                     
       2167.5  3.217180E-12                     
        2170.  3.227012E-12                     
       2172.5  2.942877E-12                     
        2175.  2.646490E-12                     
       2177.5  2.172414E-12                     
        2180.  1.816459E-12                     
       2182.5  1.826688E-12                     
        2185.  1.510349E-12                     
       2187.5  1.139177E-12                     
        2190.  7.680057E-13                     
       2192.5  3.968343E-13                     
        2195.  1.147021E-12                     
       2197.5  1.897243E-12                     
        2200.  2.917287E-12                     
       2202.5  3.696534E-12                     
        2205.  3.637979E-12                     
       2207.5  3.680268E-12                     
        2210.  3.779667E-12                     
       2212.5  3.158987E-12                     
        2215.  1.972388E-12                     
       2217.5  2.069365E-12                     
        2220.  1.823797E-12                     
       2222.5  8.739462E-13                     
        2225.  9.644529E-14                     
       2227.5  1.446517E-13                     
        2230.  1.928581E-13                     
       2232.5  2.410644E-13                     
        2235.  2.892708E-13                     
       2237.5  3.374772E-13                     
        2240.  3.710991E-13                     
       2242.5  1.162960E-12                     
        2245.  3.092264E-12                     
       2247.5  4.034126E-12                     
        2250.  4.592203E-12                     
       2252.5  5.314016E-12                     
        2255.  6.157636E-12                     
       2257.5  7.700660E-12                     
        2260.  8.229459E-12                     
       2262.5  7.467164E-12                     
        2265.  6.840774E-12                     
       2267.5  6.456915E-12                     
        2270.  6.672701E-12                     
       2272.5  7.096679E-12                     
        2275.  7.617165E-12                     
       2277.5  8.055602E-12                     
        2280.  7.549212E-12                     
       2282.5  6.797039E-12                     
        2285.  5.779200E-12                     
       2287.5  4.515214E-12                     
        2290.  3.217940E-12                     
       2292.5  2.736635E-12                     
        2295.  2.409235E-12                     
       2297.5  1.714061E-12                     
        2300.  1.397649E-12                     
       2302.5  1.430866E-12                     
        2305.  1.648639E-12                     
       2307.5  2.101425E-12                     
        2310.  2.094883E-12                     
       2312.5  2.119281E-12                     
        2315.  2.518934E-12                     
       2317.5  3.014263E-12                     
        2320.  4.012078E-12                     
       2322.5  5.752452E-12                     
        2325.  8.076565E-12                     
       2327.5  9.365129E-12                     
        2330.  1.061068E-11                     
       2332.5  1.160141E-11                     
        2335.  1.205142E-11                     
       2337.5  1.120020E-11                     
        2340.  1.044658E-11                     
       2342.5  9.757663E-12                     
        2345.  8.171988E-12                     
       2347.5  5.758235E-12                     
        2350.  4.359069E-12                     
       2352.5  3.537062E-12                     
        2355.  3.755088E-12                     
       2357.5  4.417985E-12                     
        2360.  6.488723E-12                     
       2362.5  7.285717E-12                     
        2365.  7.419814E-12                     
       2367.5  8.838499E-12                     
        2370.  1.025682E-11                     
       2372.5  9.904050E-12                     
        2375.  1.030562E-11                     
       2377.5  1.218009E-11                     
        2380.  1.184864E-11                     
       2382.5  1.082104E-11                     
        2385.  1.014658E-11                     
       2387.5  9.707782E-12                     
        2390.  9.686819E-12                     
       2392.5  9.665855E-12                     
        2395.  9.784410E-12                     
       2397.5  8.885850E-12                     
        2400.  5.800164E-12                     
       2402.5  5.132930E-12                     
        2405.  5.406185E-12                     
       2407.5  3.524990E-12                     
        2410.  5.926671E-13                     
       2412.5  1.530698E-12                     
        2415.  2.621513E-12                     
       2417.5  3.906897E-12                     
        2420.  5.726790E-12                     
       2422.5  8.497292E-12                     
        2425.  9.334046E-12                     
       2427.5  9.550914E-12                     
        2430.  9.666939E-12                     
       2432.5  9.783326E-12                     
        2435.  7.614635E-12                     
       2437.5  5.896309E-12                     
        2440.  4.852807E-12                     
       2442.5  5.355582E-12                     
        2445.  6.245106E-12                     
       2447.5  7.451622E-12                     
        2450.  8.666811E-12                     
       2452.5  9.039826E-12                     
        2455.  9.703084E-12                     
       2457.5  1.063381E-11                     
        2460.  1.151503E-11                     
       2462.5  1.233190E-11                     
        2465.  1.306528E-11                     
       2467.5  1.322359E-11                     
        2470.  1.161298E-11                     
       2472.5  1.036634E-11                     
        2475.  1.103285E-11                     
       2477.5  1.133141E-11                     
        2480.  1.123057E-11                     
       2482.5  1.217467E-11                     
        2485.  1.326154E-11                     
       2487.5  1.069237E-11                     
        2490.  8.185362E-12                     
       2492.5  9.580192E-12                     
        2495.  9.538987E-12                     
       2497.5  8.540666E-12                     
        2500.  8.703318E-12                     
       2502.5  9.937664E-12                     
        2505.  9.943447E-12                     
       2507.5  1.009562E-11                     
        2510.  1.078634E-11                     
       2512.5  1.132563E-11                     
        2515.  1.138599E-11                     
       2517.5  1.025104E-11                     
        2520.  8.443437E-12                     
       2522.5  7.768250E-12                     
        2525.  7.140053E-12                     
       2527.5  8.666088E-12                     
        2530.  1.062767E-11                     
       2532.5  1.295431E-11                     
        2535.  1.435854E-11                     
       2537.5  1.532903E-11                     
        2540.  1.557192E-11                     
       2542.5  1.533011E-11                     
        2545.  1.605554E-11                     
       2547.5  1.639494E-11                     
        2550.  1.615422E-11                     
       2552.5  1.578662E-11                     
        2555.  1.514975E-11                     
       2557.5  1.491553E-11                     
        2560.  1.495348E-11                     
       2562.5  1.583795E-11                     
        2565.  1.672531E-11                     
       2567.5  1.767591E-11                     
        2570.  1.802110E-11                     
       2572.5  1.728808E-11                     
        2575.  1.488047E-11                     
       2577.5  1.194406E-11                     
        2580.  9.785856E-12                     
       2582.5  8.118855E-12                     
        2585.  7.883191E-12                     
       2587.5  9.021031E-12                     
        2590.  1.164659E-11                     
       2592.5  1.339275E-11                     
        2595.  1.382070E-11                     
       2597.5  1.355359E-11                     
        2600.  1.311263E-11                     
       2602.5  1.161298E-11                     
        2605.  8.524762E-12                     
       2607.5  9.186935E-12                     
        2610.  1.078671E-11                     
       2612.5  1.304323E-11                     
        2615.  1.587699E-11                     
       2617.5  2.106811E-11                     
        2620.  2.360150E-11                     
       2622.5  2.368210E-11                     
        2625.  2.140064E-11                     
       2627.5  1.611229E-11                     
        2630.  1.698446E-11                     
       2632.5  1.966569E-11                     
        2635.  2.435801E-11                     
       2637.5  3.007215E-11                     
        2640.  4.115091E-11                     
       2642.5  4.297261E-11                     
        2645.  3.751835E-11                     
       2647.5  3.574979E-11                     
        2650.  3.448363E-11                     
       2652.5  3.124505E-11                     
        2655.  2.950323E-11                     
       2657.5  3.571942E-11                     
        2660.  3.795209E-11                     
       2662.5  3.752920E-11                     
        2665.  3.757257E-11                     
       2667.5  3.804607E-11                     
        2670.  3.721835E-11                     
       2672.5  3.627497E-11                     
        2675.  3.787980E-11                     
       2677.5  3.839306E-11                     
        2680.  3.390242E-11                     
       2682.5  3.451146E-11                     
        2685.  3.798823E-11                     
       2687.5  3.778221E-11                     
        2690.  3.468026E-11                     
       2692.5  4.106777E-11                     
        2695.  4.464250E-11                     
       2697.5  3.995451E-11                     
        2700.  3.552785E-11                     
       2702.5  3.213024E-11                     
        2705.  3.186421E-11                     
       2707.5  3.368628E-11                     
        2710.  3.531424E-11                     
       2712.5  3.694365E-11                     
        2715.  4.020030E-11                     
       2717.5  3.901836E-11                     
        2720.  2.809647E-11                     
       2722.5  2.539067E-11                     
        2725.  2.588007E-11                     
       2727.5  2.672839E-11                     
        2730.  2.799816E-11                     
       2732.5  3.454941E-11                     
        2735.  3.752196E-11                     
       2737.5  3.593665E-11                     
        2740.  3.509701E-11                     
       2742.5  3.558207E-11                     
        2745.  3.528279E-11                     
       2747.5  3.479917E-11                     
        2750.  3.643762E-11                     
       2752.5  3.807498E-11                     
        2755.  4.393045E-11                     
       2757.5  4.791722E-11                     
        2760.  4.909193E-11                     
       2762.5  4.939193E-11                     
        2765.  4.947507E-11                     
       2767.5  5.053772E-11                     
        2770.  5.197267E-11                     
       2772.5  5.335341E-11                     
        2775.  5.548595E-11                     
       2777.5  5.831971E-11                     
        2780.  5.660283E-11                     
       2782.5  4.908832E-11                     
        2785.  4.978230E-11                     
       2787.5  5.626669E-11                     
        2790.  8.495123E-11                     
       2792.5  1.148611E-10                     
        2795.  1.588674E-10                     
       2797.5  2.026063E-10                     
        2800.  2.460524E-10                     
       2802.5  2.297330E-10                     
        2805.  2.052630E-10                     
       2807.5  1.640795E-10                     
        2810.  1.190720E-10                     
       2812.5  7.549213E-11                     
        2815.  5.309317E-11                     
       2817.5  4.481961E-11                     
        2820.  4.411117E-11                     
       2822.5  5.037507E-11                     
        2825.  5.070038E-11                     
       2827.5  5.121002E-11                     
        2830.  5.321244E-11                     
       2832.5  5.422450E-11                     
        2835.  5.209557E-11                     
       2837.5  5.264858E-11                     
        2840.  5.531246E-11                     
       2842.5  5.970044E-11                     
        2845.  6.416072E-11                     
       2847.5  6.604748E-11                     
        2850.  6.831015E-11                     
       2852.5  7.243427E-11                     
        2855.  7.147282E-11                     
       2857.5  6.811497E-11                     
        2860.  6.697278E-11                     
       2862.5  6.730532E-11                     
        2865.  6.756917E-11                     
       2867.5  6.821255E-11                     
        2870.  6.942702E-11                     
       2872.5  7.286801E-11                     
        2875.  8.104759E-11                     
       2877.5  7.890420E-11                     
        2880.  7.275235E-11                     
       2882.5  7.092342E-11                     
        2885.  7.152704E-11                     
       2887.5  6.732339E-11                     
        2890.  6.550169E-11                     
       2892.5  6.828123E-11                     
        2895.  7.147643E-11                     
       2897.5  7.575598E-11                     
        2900.  7.426321E-11                     
       2902.5  7.056558E-11                     
        2905.  7.276681E-11                     
       2907.5  7.496441E-11                     
        2910.  8.130061E-11                     
       2912.5  8.841752E-11                     
        2915.  9.670192E-11                     
       2917.5  1.003128E-10                     
        2920.  1.027526E-10                     
       2922.5  9.885616E-11                     
        2925.  9.395491E-11                     
       2927.5  9.972002E-11                     
        2930.  1.043646E-10                     
       2932.5  1.075815E-10                     
        2935.  1.122225E-10                     
       2937.5  1.193973E-10                     
        2940.  1.084092E-10                     
       2942.5  9.280551E-11                     
        2945.  8.307532E-11                     
       2947.5  7.348609E-11                     
        2950.  6.555591E-11                     
       2952.5  6.919208E-11                     
        2955.  8.535244E-11                     
       2957.5  8.832355E-11                     
        2960.  8.949826E-11                     
       2962.5  8.728258E-11                     
        2965.  8.187531E-11                     
       2967.5  6.710652E-11                     
        2970.  6.356433E-11                     
       2972.5  6.750411E-11                     
        2975.  6.957883E-11                     
       2977.5  6.992944E-11                     
        2980.  7.709696E-11                     
       2982.5  8.485003E-11                     
        2985.  9.032959E-11                     
       2987.5  9.600794E-11                     
        2990.  1.027381E-10                     
       2992.5  1.059478E-10                     
        2995.  1.063996E-10                     
       2997.5  1.026225E-10                     
        3000.  9.867181E-11                     
       3002.5  9.645614E-11                     
        3005.  9.561758E-11                     
       3007.5  9.772482E-11                     
        3010.  9.814410E-11                     
       3012.5  9.776458E-11                     
        3015.  9.332961E-11                     
       3017.5  8.618377E-11                     
        3020.  8.199458E-11                     
       3022.5  8.041506E-11                     
        3025.  8.438737E-11                     
       3027.5  9.158382E-11                     
        3030.  1.089984E-10                     
       3032.5  1.232395E-10                     
        3035.  1.351492E-10                     
       3037.5  1.340865E-10                     
        3040.  1.330203E-10                     
       3042.5  1.238901E-10                     
        3045.  1.171201E-10                     
       3047.5  1.151322E-10                     
        3050.  1.152515E-10                     
       3052.5  1.160358E-10                     
        3055.  1.113406E-10                     
       3057.5  1.034176E-10                     
        3060.  8.800186E-11                     
       3062.5  7.949698E-11                     
        3065.  7.847769E-11                     
       3067.5  8.190423E-11                     
        3070.  9.198863E-11                     
       3072.5  1.020984E-10                     
        3075.  1.112358E-10                     
       3077.5  1.131478E-10                     
        3080.  1.154286E-10                     
       3082.5  1.265648E-10                     
        3085.  1.326769E-10                     
       3087.5  1.323841E-10                     
        3090.  1.320010E-10                     
       3092.5  1.314480E-10                     
        3095.  1.281010E-10                     
       3097.5  1.263298E-10                     
        3100.  1.374733E-10                     
       3102.5  1.487397E-10                     
        3105.  1.614916E-10                     
       3107.5  1.765893E-10                     
        3110.  1.942279E-10                     
       3112.5  1.958039E-10                     
        3115.  1.951930E-10                     
       3117.5  1.846279E-10                     
        3120.  1.702711E-10                     
       3122.5  1.564855E-10                     
        3125.  1.479734E-10                     
       3127.5  1.443336E-10                     
        3130.  1.396239E-10                     
       3132.5  1.335516E-10                     
        3135.  1.193503E-10                     
       3137.5  1.051201E-10                     
        3140.  9.568264E-11                     
       3142.5  9.120068E-11                     
        3145.  1.127502E-10                     
       3147.5  1.383227E-10                     
        3150.  1.670615E-10                     
       3152.5  1.783423E-10                     
        3155.  1.888966E-10                     
       3157.5  1.830664E-10                     
        3160.  1.700109E-10                     
       3162.5  1.441204E-10                     
        3165.  1.283829E-10                     
       3167.5  1.194153E-10                     
        3170.  1.100466E-10                     
       3172.5  1.003092E-10                     
        3175.  1.314588E-10                     
       3177.5  1.541180E-10                     
        3180.  1.511903E-10                     
       3182.5  1.557265E-10                     
        3185.  1.838977E-10                     
       3187.5  1.824556E-10                     
        3190.  1.658976E-10                     
       3192.5  1.863809E-10                     
        3195.  2.068678E-10                     
       3197.5  2.111727E-10                     
        3200.  2.207257E-10                     
       3202.5  2.181558E-10                     
        3205.  2.155859E-10                     
       3207.5  2.130197E-10                     
        3210.  2.104498E-10                     
       3212.5  2.078799E-10                     
        3215.  2.053100E-10                     
       3217.5  2.027401E-10                     
        3220.  2.001702E-10                     
       3222.5  2.073521E-10                     
        3225.  2.145341E-10                     
       3227.5  2.217125E-10                     
        3230.  2.288945E-10                     
       3232.5  2.360764E-10                     
        3235.  2.432584E-10                     
       3237.5  2.504368E-10                     
        3240.  2.576188E-10                     
        3260.  2.433488E-10                     
        3270.  2.349524E-10                     
        3280.  2.691924E-10                     
        3290.  2.950359E-10                     
        3300.  2.710972E-10                     
        3310.  2.349487E-10                     
        3320.  3.216928E-10                     
        3330.  2.992179E-10                     
        3340.  3.445038E-10                     
        3350.  3.329519E-10                     
        3360.  2.674646E-10                     
        3370.  3.023336E-10                     
        3380.  3.116517E-10                     
        3390.  3.770992E-10                     
        3400.  3.893161E-10                     
        3410.  3.599340E-10                     
        3420.  3.803884E-10                     
        3430.  3.494556E-10                     
        3440.  3.367146E-10                     
        3450.  2.939407E-10                     
        3460.  3.476411E-10                     
        3470.  3.416339E-10                     
        3480.  3.630388E-10                     
        3490.  3.380049E-10                     
        3500.  4.072440E-10                     
        3510.  4.107500E-10                     
        3520.  3.728341E-10                     
        3530.  4.517745E-10                     
        3540.  5.011483E-10                     
        3550.  4.720878E-10                     
        3560.  3.631834E-10                     
        3570.  3.117601E-10                     
        3580.  2.923323E-10                     
        3590.  3.213566E-10                     
        3600.  3.213024E-10                     
        3610.  3.255494E-10                     
        3620.  3.863523E-10                     
        3630.  3.815811E-10                     
        3640.  3.880511E-10                     
        3650.  4.550636E-10                     
        3660.  5.496547E-10                     
        3670.  4.714372E-10                     
        3680.  4.119790E-10                     
        3690.  4.616420E-10                     
        3700.  4.411117E-10                     
        3710.  4.048584E-10                     
        3720.  3.700871E-10                     
        3730.  3.357495E-10                     
        3740.  2.922419E-10                     
        3750.  3.549171E-10                     
        3760.  3.549424E-10                     
        3770.  4.860036E-10                     
        3780.  5.234858E-10                     
        3790.  4.762084E-10                     
        3800.  4.796782E-10                     
        3810.  4.563648E-10                     
        3820.  3.680268E-10                     
        3830.  3.497375E-10                     
        3840.  4.383285E-10                     
        3850.  4.600516E-10                     
        3860.  4.155573E-10                     
        3870.  4.580636E-10                     
        3880.  3.340687E-10                     
        3890.  4.529311E-10                     
        3900.  5.007869E-10                     
        3910.  5.131846E-10                     
        3920.  4.553889E-10                     
        3930.  4.515214E-10                     
        3940.  4.866904E-10                     
        3950.  4.819915E-10                     
        3960.  5.120279E-10                     
        3970.  6.292095E-10                     
        3980.  7.388368E-10                     
        3990.  8.492954E-10                     
        4000.  9.124043E-10                     
        4010.  9.553444E-10                     
        4020.   1.015128E-9                     
        4030.  9.686457E-10                     
        4040.  9.211876E-10                     
        4050.   1.066526E-9                     
        4060.   1.053116E-9                     
        4070.   1.070285E-9                     
        4080.   1.158695E-9                     
        4090.   1.258383E-9                     
        4100.   1.134804E-9                     
        4110.   1.157828E-9                     
        4120.   1.216997E-9                     
        4130.   1.247937E-9                     
        4140.   1.179732E-9                     
        4150.   1.238575E-9                     
        4160.   1.255311E-9                     
        4170.   1.222166E-9                     
        4180.   1.213166E-9                     
        4190.   1.216274E-9                     
        4200.   1.207961E-9                     
        4210.   1.176298E-9                     
        4220.  8.153193E-10                     
        4230.  7.286801E-10                     
        4240.   1.034863E-9                     
        4250.   1.044947E-9                     
        4260.   1.152551E-9                     
        4270.   1.160720E-9                     
        4280.   1.082357E-9                     
        4290.   1.145611E-9                     
        4300.   1.133611E-9                     
        4310.   1.356697E-9                     
        4320.   1.540421E-9                     
        4330.   1.558421E-9                     
        4340.   1.690097E-9                     
        4350.   1.651458E-9                     
        4360.   1.722446E-9                     
        4370.   1.675784E-9                     
        4380.   1.524228E-9                     
        4390.   1.701302E-9                     
        4400.   1.672711E-9                     
        4410.   1.762061E-9                     
        4420.   1.812700E-9                     
        4430.   1.785628E-9                     
        4440.   1.984244E-9                     
        4450.   1.848411E-9                     
        4460.   1.988472E-9                     
        4470.   2.361451E-9                     
        4480.   2.425283E-9                     
        4490.   2.486296E-9                     
        4500.   2.528440E-9                     
        4510.   2.648008E-9                     
        4520.   2.450115E-9                     
        4530.   2.194317E-9                     
        4540.   2.371391E-9                     
        4550.   2.715996E-9                     
        4560.   2.909190E-9                     
        4570.   2.907202E-9                     
        4580.   2.904130E-9                     
        4590.   2.906949E-9                     
        4600.   2.972263E-9                     
        4610.   3.125156E-9                     
        4620.   3.075926E-9                     
        4630.   3.109758E-9                     
        4640.   2.967131E-9                     
        4650.   2.934672E-9                     
        4660.   2.960841E-9                     
        4670.   2.929612E-9                     
        4680.   2.957082E-9                     
        4690.   3.013866E-9                     
        4700.   2.895383E-9                     
        4710.   2.944287E-9                     
        4720.   2.985781E-9                     
        4730.   2.902395E-9                     
        4740.   2.858226E-9                     
        4750.   2.802455E-9                     
        4760.   2.508380E-9                     
        4770.   2.315403E-9                     
        4780.   2.329788E-9                     
        4790.   2.478054E-9                     
        4800.   2.705876E-9                     
        4810.   2.834804E-9                     
        4820.   2.744803E-9                     
        4830.   2.647827E-9                     
        4840.   2.720261E-9                     
        4850.   2.861226E-9                     
        4860.   2.797214E-9                     
        4870.   2.724201E-9                     
        4880.   2.650863E-9                     
        4890.   2.719321E-9                     
        4900.   2.883961E-9                     
        4910.   2.825226E-9                     
        4920.   2.897226E-9                     
        4930.   2.982854E-9                     
        4940.   3.008986E-9                     
        4950.   2.917142E-9                     
        4960.   2.722936E-9                     
        4970.   2.784707E-9                     
        4980.   2.664923E-9                     
        4990.   2.553778E-9                     
        5000.   2.539537E-9                     
        5010.   2.409126E-9                     
        5020.   2.503717E-9                     
        5030.   2.512862E-9                     
        5040.   2.466669E-9                     
        5050.   2.479392E-9                     
        5060.   2.415669E-9                     
        5070.   2.318403E-9                     
        5080.   2.271487E-9                     
        5090.   2.284210E-9                     
        5100.   2.242029E-9                     
        5110.   2.183835E-9                     
        5120.   2.176173E-9                     
        5130.   2.165582E-9                     
        5140.   2.326608E-9                     
        5150.   2.239751E-9                     
        5160.   2.213366E-9                     
        5170.   1.930279E-9                     
        5180.   1.896882E-9                     
        5190.   2.202848E-9                     
        5200.   2.191064E-9                     
        5210.   2.307885E-9                     
        5220.   2.830322E-9                     
        5230.   2.946636E-9                     
        5240.   3.136903E-9                     
        5250.   3.110734E-9                     
        5260.   2.755394E-9                     
        5270.   2.673851E-9                     
        5280.   3.120927E-9                     
        5290.   3.216205E-9                     
        5300.   3.253614E-9                     
        5310.   3.451508E-9                     
        5320.   3.256976E-9                     
        5330.   3.098626E-9                     
        5340.   3.160614E-9                     
        5350.   3.354206E-9                     
        5360.   3.550689E-9                     
        5370.   3.530846E-9                     
        5380.   3.601472E-9                     
        5390.   3.584231E-9                     
        5400.   3.351278E-9                     
        5410.   3.438965E-9                     
        5420.   3.776775E-9                     
        5430.   3.687497E-9                     
        5440.   3.576713E-9                     
        5450.   3.665087E-9                     
        5460.   3.679907E-9                     
        5470.   3.716775E-9                     
        5480.   3.734847E-9                     
        5490.   3.886655E-9                     
        5500.   3.846534E-9                     
        5510.   3.657497E-9                     
        5520.   3.782197E-9                     
        5530.   3.999427E-9                     
        5540.   4.018223E-9                     
        5550.   4.149067E-9                     
        5560.   4.087259E-9                     
        5570.   3.952800E-9                     
        5580.   3.910150E-9                     
        5590.   3.756172E-9                     
        5600.   3.599484E-9                     
        5610.   3.914487E-9                     
        5620.   3.964728E-9                     
        5630.   3.971957E-9                     
        5640.   4.151959E-9                     
        5650.   4.235453E-9                     
        5660.   4.210152E-9                     
        5670.   4.146537E-9                     
        5680.   4.319671E-9                     
        5690.   4.314610E-9                     
        5700.   4.254971E-9                     
        5710.   4.167862E-9                     
        5720.   4.355454E-9                     
        5730.   4.456660E-9                     
        5740.   4.648589E-9                     
        5760.   4.711119E-9                     
        5780.   4.735698E-9                     
        5800.   4.750156E-9                     
        5820.   4.949314E-9                     
        5840.   4.793530E-9                     
        5860.   4.594010E-9                     
        5880.   3.625328E-9                     
        5900.   3.358941E-9                     
        5920.   4.159188E-9                     
        5940.   4.553889E-9                     
        5960.   4.672083E-9                     
        5980.   4.775818E-9                     
        6000.   4.781240E-9                     
        6020.   4.842325E-9                     
        6040.   5.059917E-9                     
        6060.   5.142327E-9                     
        6080.   5.011483E-9                     
        6100.   4.854976E-9                     
        6120.   4.664493E-9                     
        6140.   4.905217E-9                     
        6160.   4.515576E-9                     
        6180.   4.450877E-9                     
        6200.   4.635576E-9                     
        6220.   4.408587E-9                     
        6240.   4.273405E-9                     
        6260.   4.363768E-9                     
        6280.   4.532564E-9                     
        6300.   4.695938E-9                     
        6320.   4.826421E-9                     
        6340.   4.918591E-9                     
        6360.   4.909916E-9                     
        6380.   4.741481E-9                     
        6400.   4.775096E-9                     
        6420.   5.012206E-9                     
        6440.   5.059556E-9                     
        6460.   5.103652E-9                     
        6480.   5.093170E-9                     
        6500.   5.165460E-9                     
        6520.   5.413775E-9                     
        6540.   5.501246E-9                     
        6560.   5.392450E-9                     
        6580.   5.367510E-9                     
        6600.   5.502330E-9                     
        6620.   5.466547E-9                     
        6640.   5.448836E-9                     
        6660.   5.320160E-9                     
        6680.   5.177749E-9                     
        6700.   5.089194E-9                     
        6720.   5.021965E-9                     
        6740.   4.964856E-9                     
        6760.   4.879193E-9                     
        6780.   4.781963E-9                     
        6800.   4.685818E-9                     
        6820.   4.728469E-9                     
        6840.   4.813771E-9                     
        6860.   4.601962E-9                     
        6880.   4.411479E-9                     
        6900.   4.704252E-9                     
        6920.   4.911362E-9                     
        6940.   5.104375E-9                     
        6960.   5.281485E-9                     
        6980.   5.184255E-9                     
        7000.   5.289798E-9                     
        7020.   5.441968E-9                     
        7040.   5.646548E-9                     
        7060.   5.585463E-9                     
        7080.   5.428233E-9                     
        7100.   5.344377E-9                     
        7120.   5.177388E-9                     
        7140.   5.046905E-9                     
        7160.   5.272810E-9                     
        7180.   5.417390E-9                     
        7200.   5.177749E-9                     
        7220.   5.308232E-9                     
        7240.   5.467270E-9                     
        7260.   5.477751E-9                     
        7280.   5.595945E-9                     
        7300.   5.748115E-9                     
        7320.   5.671127E-9                     
        7340.   5.677633E-9                     
        7360.   5.714862E-9                     
        7380.   5.789320E-9                     
        7400.   5.790766E-9                     
        7420.   5.812453E-9                     
        7440.   5.840285E-9                     
        7460.   5.875345E-9                     
        7480.   5.839923E-9                     
        7500.   5.842815E-9                     
        7520.   5.881128E-9                     
        7540.   5.948719E-9                     
        7560.   5.980165E-9                     
        7580.   6.487638E-9                     
        7600.   5.750283E-9                     
        7620.   5.403293E-9                     
        7640.   5.572812E-9                     
        7660.   5.549680E-9                     
        7680.   5.184255E-9                     
        7700.   5.494017E-9                     
        7720.   5.533415E-9                     
        7740.   5.620885E-9                     
        7760.   5.683416E-9                     
        7780.   5.745223E-9                     
        7800.   5.702572E-9                     
        7820.   5.662451E-9                     
        7840.   5.786790E-9                     
        7860.   5.826549E-9                     
        7880.   5.824381E-9                     
        7900.   5.735465E-9                     
        7920.   5.677994E-9                     
        7940.   5.634982E-9                     
        7960.   5.631728E-9                     
        7980.   5.751368E-9                     
        8000.   5.778838E-9                     
        8020.   5.805947E-9                     
        8040.   5.773416E-9                     
        8060.   5.844983E-9                     
        8080.   5.771609E-9                     
        8100.   5.768718E-9                     
        8120.   5.927393E-9                     
        8140.   6.000044E-9                     
        8160.   5.861248E-9                     
        8180.   5.579319E-9                     
        8200.   5.193292E-9                     
        8220.   5.628114E-9                     
        8240.   5.526186E-9                     
        8260.   5.766188E-9                     
        8280.   5.679440E-9                     
        8300.   5.568837E-9                     
        8320.   5.388112E-9                     
        8340.   5.355943E-9                     
        8360.   5.542450E-9                     
        8380.   5.405823E-9                     
        8400.   5.381606E-9                     
        8420.   5.419197E-9                     
        8440.   5.510282E-9                     
        8460.   5.396426E-9                     
        8480.   5.388112E-9                     
        8500.   5.364257E-9                     
        8520.   5.287991E-9                     
        8540.   5.063531E-9                     
        8560.   5.038230E-9                     
        8580.   5.508475E-9                     
        8600.   5.551487E-9                     
        8620.   5.381968E-9                     
        8640.   5.439799E-9                     
        8660.   5.200882E-9                     
        8680.   4.810517E-9                     
        8700.   5.161846E-9                     
        8720.   5.345100E-9                     
        8740.   5.402570E-9                     
        8760.   5.249678E-9                     
        8780.   5.165822E-9                     
        8800.   5.301726E-9                     
        8820.   5.117749E-9                     
        8840.   5.317268E-9                     
        8860.   5.333172E-9                     
        8880.   5.212448E-9                     
        8900.   5.162207E-9                     
        8920.   5.150279E-9                     
        8940.   5.131484E-9                     
        8960.   5.267750E-9                     
        8980.   5.251485E-9                     
        9000.   5.011844E-9                     
        9020.   5.138713E-9                     
        9040.   5.435823E-9                     
        9060.   5.345100E-9                     
        9080.   5.014013E-9                     
        9100.   5.225099E-9                     
        9120.   5.121002E-9                     
        9140.   4.826060E-9                     
        9160.   4.916061E-9                     
        9180.   4.971724E-9                     
        9200.   5.104014E-9                     
        9220.   5.186424E-9                     
        9240.   4.999555E-9                     
        9260.   4.807626E-9                     
        9280.   5.274256E-9                     
        9300.   5.141604E-9                     
        9320.   5.062447E-9                     
        9340.   5.412691E-9                     
        9360.   4.659432E-9                     
        9380.   4.839795E-9                     
        9400.   5.609319E-9                     
        9420.   4.992327E-9                     
        9440.   4.478708E-9                     
        9460.   4.836181E-9                     
        9480.   4.905579E-9                     
        9500.   4.737144E-9                     
        9520.   4.792807E-9                     
        9540.   5.104375E-9                     
        9560.   4.963772E-9                     
        9580.   4.759554E-9                     
        9600.   4.748349E-9                     
        9620.   4.885338E-9                     
        9640.   4.617504E-9                     
        9660.   4.593287E-9                     
        9680.   4.650035E-9                     
        9700.   4.640275E-9                     
        9720.   4.601239E-9                     
        9740.   4.685095E-9                     
        9760.   4.538709E-9                     
        9780.   4.608106E-9                     
        9800.   4.579913E-9                     
        9820.   4.684733E-9                     
        9840.   4.608829E-9                     
        9860.   4.556781E-9                     
        9880.   4.570516E-9                     
        9900.   4.528950E-9                     
        9920.   4.523528E-9                     
        9940.   4.537986E-9                     
        9960.   4.548106E-9                     
        9980.   4.514130E-9                     
       10000.   4.509793E-9                     
       10020.   4.602323E-9                     
       10040.   4.506178E-9                     
       10060.   4.579191E-9                     
       10080.   4.384370E-9                     
       10100.   4.420876E-9                     
       10120.   4.504009E-9                     
       10140.   4.470033E-9                     
       10160.   4.350394E-9                     
       10180.   4.472925E-9                     
       10200.   4.307743E-9                     
       10220.   4.222080E-9                     
       10240.   4.241959E-9                     
       10260.   4.346779E-9                     
       10280.   4.429912E-9                     
       10300.   4.346056E-9                     
       10320.   4.269068E-9                     
       10340.   4.217019E-9                     
       10360.   4.234007E-9                     
       10380.   4.356177E-9                     
       10400.   4.272321E-9                     
       10420.   4.339550E-9                     
       10440.   4.341357E-9                     
       10460.   4.263285E-9                     
       10480.   4.202200E-9                     
       10500.   4.295815E-9                     
       10520.   4.134609E-9                     
       10540.   4.270514E-9                     
       10560.   4.313887E-9                     
       10580.   4.186296E-9                     
       10600.   4.210513E-9                     
       10800.   4.114368E-9                     
       11000.   4.018223E-9                     
       11200.   3.924607E-9                     
       11400.   3.833884E-9                     
       11600.   3.748221E-9                     
       11800.   3.667618E-9                     
       12000.   3.593846E-9                     
       12200.   3.527628E-9                     
       12400.   3.469833E-9                     
       12600.   3.428556E-9                     
       12800.   3.366820E-9                     
       13000.   3.272735E-9                     
       13200.   3.136541E-9                     
       13400.   2.994853E-9                     
       13600.   2.892202E-9                     
       13800.   2.827973E-9                     
       14000.   2.781274E-9                     
       14200.   2.734032E-9                     
       14400.   2.685092E-9                     
       14600.   2.637923E-9                     
       14800.   2.600658E-9                     
       15000.   2.580489E-9                     
       15200.   2.574272E-9                     
       15400.   2.575826E-9                     
       15600.   2.579007E-9                     
       15800.   2.577959E-9                     
       16000.   2.567441E-9                     
       16200.   2.542248E-9                     
       16400.   2.497031E-9                     
       16600.   2.428572E-9                     
       16800.   2.344066E-9                     
       17000.   2.252728E-9                     
       17200.   2.157703E-9                     
       17400.   2.060365E-9                     
       17600.   1.962557E-9                     
       17800.   1.867930E-9                     
       18000.   1.780278E-9                     
       18200.   1.702748E-9                     
       18400.   1.634831E-9                     
       18600.   1.574578E-9                     
       18800.   1.520288E-9                     
       19000.   1.470698E-9                     
       19200.   1.425264E-9                     
       19400.   1.383408E-9                     
       19600.   1.344516E-9                     
       19800.   1.308010E-9                     
       20000.   1.273455E-9                     
       20200.   1.240563E-9                     
       20400.   1.209298E-9                     
       20600.   1.179515E-9                     
       20800.   1.151105E-9                     
       21000.   1.123888E-9                     
       21200.   1.097864E-9                     
       21400.   1.072815E-9                     
       21600.   1.048707E-9                     
       21800.   1.025285E-9                     
       22000.   1.002152E-9                     
       22200.  9.790193E-10                     
       22400.  9.554167E-10                     
       22600.  9.310913E-10                     
       22800.  9.061513E-10                     
       23000.  8.809584E-10                     
       23200.  8.554401E-10                     
       23400.  8.277893E-10                     
       23600.  7.959457E-10                     
       23800.  7.600177E-10                     
       24000.  7.235476E-10                     
       24200.  6.901135E-10                     
       24400.  6.610170E-10                     
       24600.  6.352457E-10                     
       24800.  6.117154E-10                     
       25000.  5.898478E-10                     
       25200.  5.694621E-10                     
       25400.  5.503776E-10                     
       25600.  5.323774E-10                     
