angstroms,flam
         229.            0.                     
         234.            0.                     
         243.            0.                     
         252.            0.                     
         256.            0.                     
         260.            0.                     
         266.            0.                     
         275.            0.                     
         283.            0.                     
         293.            0.                     
         301.            0.                     
         309.            0.                     
         325.            0.                     
         342.            0.                     
         351.            0.                     
         356.            0.                     
         365.            0.                     
         375.            0.                     
         384.            0.                     
         400.            0.                     
         415.            0.                     
         425.            0.                     
         445.            0.                     
         472.            0.                     
         494.            0.                     
         506.            0.                     
         516.            0.                     
         540.            0.                     
         564.            0.                     
         587.            0.                     
         612.            0.                     
         640.            0.                     
         671.            0.                     
         705.            0.                     
         736.            0.                     
         770.            0.                     
         810.            0.                     
         850.            0.                     
         890.            0.                     
         920.            0.                     
         940.            0.                     
         962.            0.                     
         987.            0.                     
        1012.            0.                     
        1037.            0.                     
        1062.            0.                     
        1087.            0.                     
        1112.            0.                     
        1120.            0.                     
        1140.            0.                     
        1160.            0.                     
        1180.            0.                     
        1200.            0.                     
        1220.            0.                     
        1240.            0.                     
        1260.            0.                     
        1280.            0.                     
        1300.            0.                     
        1320.            0.                     
        1340.            0.                     
        1360.            0.                     
        1380.            0.                     
        1400.            0.                     
        1420.            0.                     
        1440.            0.                     
        1460.            0.                     
        1480.            0.                     
        1500.            0.                     
        1520.            0.                     
        1540.            0.                     
        1560.            0.                     
        1580.            0.                     
        1600.            0.                     
        1620.            0.                     
        1640.            0.                     
        1660.            0.                     
        1680.            0.                     
        1700.            0.                     
        1720.            0.                     
        1740.            0.                     
        1760.            0.                     
        1780.            0.                     
        1800.            0.                     
        1820.            0.                     
        1840.            0.                     
        1860.            0.                     
        1880.            0.                     
        1900.            0.                     
        1920.            0.                     
        1940.            0.                     
        1960.            0.                     
        1980.            0.                     
        2000.  3.449894E-12                     
       2002.5  3.449894E-12                     
        2005.  4.154265E-12                     
       2007.5  3.440461E-12                     
        2010.  6.133978E-12                     
       2012.5  7.048448E-12                     
        2015.  6.564809E-12                     
       2017.5  6.215555E-12                     
        2020.  6.012340E-12                     
       2022.5  3.162843E-12                     
        2025.  1.207166E-12                     
       2027.5  2.478101E-12                     
        2030.  3.474877E-12                     
       2032.5  3.374871E-12                     
        2035.  4.588011E-12                     
       2037.5  6.676615E-12                     
        2040.  5.761780E-12                     
       2042.5  4.846946E-12                     
        2045.  4.779208E-12                     
       2047.5  5.245729E-12                     
        2050.  6.691546E-12                     
       2052.5  7.438127E-12                     
        2055.  7.912661E-12                     
       2057.5  7.020041E-12                     
        2060.  5.357898E-12                     
       2062.5  6.048394E-12                     
        2065.  7.588535E-12                     
       2067.5  1.046415E-11                     
        2070.  1.191834E-11                     
       2072.5  9.716472E-12                     
        2075.  8.862457E-12                     
       2077.5  8.845340E-12                     
        2080.  1.115391E-11                     
       2082.5  1.346248E-11                     
        2085.  1.426624E-11                     
       2087.5  1.415553E-11                     
        2090.  1.267329E-11                     
       2092.5  1.184477E-11                     
        2095.  1.118050E-11                     
       2097.5  1.070997E-11                     
        2100.  1.017425E-11                     
       2102.5  8.607526E-12                     
        2105.  7.224714E-12                     
       2107.5  6.076437E-12                     
        2110.  4.326525E-12                     
       2112.5  1.507437E-12                     
        2115.  2.765443E-12                     
       2117.5  5.031224E-12                     
        2120.  5.827698E-12                     
       2122.5  6.733428E-12                     
        2125.  8.900331E-12                     
       2127.5  1.076241E-11                     
        2130.  1.229418E-11                     
       2132.5  1.318752E-11                     
        2135.  1.399347E-11                     
       2137.5  1.453501E-11                     
        2140.  1.444761E-11                     
       2142.5  1.210735E-11                     
        2145.  8.712048E-12                     
       2147.5  4.613139E-12                     
        2150.  2.766864E-12                     
       2152.5  2.999833E-12                     
        2155.  3.618293E-12                     
       2157.5  3.719792E-12                     
        2160.  1.951416E-12                     
       2162.5  9.276171E-13                     
        2165.  3.814480E-12                     
       2167.5  5.093500E-12                     
        2170.  5.109160E-12                     
       2172.5  4.659390E-12                     
        2175.  4.189955E-12                     
       2177.5  3.439442E-12                     
        2180.  2.875901E-12                     
       2182.5  2.892071E-12                     
        2185.  2.391243E-12                     
       2187.5  1.803593E-12                     
        2190.  1.215943E-12                     
       2192.5  6.282566E-13                     
        2195.  1.816012E-12                     
       2197.5  3.003766E-12                     
        2200.  4.618602E-12                     
       2202.5  5.852098E-12                     
        2205.  5.759595E-12                     
       2207.5  5.826970E-12                     
        2210.  5.984298E-12                     
       2212.5  5.001361E-12                     
        2215.  3.122709E-12                     
       2217.5  3.276250E-12                     
        2220.  2.887482E-12                     
       2222.5  1.383687E-12                     
        2225.  1.526957E-13                     
       2227.5  2.290181E-13                     
        2230.  3.053405E-13                     
       2232.5  3.816665E-13                     
        2235.  4.579998E-13                     
       2237.5  5.342967E-13                     
        2240.  5.875042E-13                     
       2242.5  1.841250E-12                     
        2245.  4.895747E-12                     
       2247.5  6.387087E-12                     
        2250.  7.270237E-12                     
       2252.5  8.413416E-12                     
        2255.  9.748884E-12                     
       2257.5  1.219184E-11                     
        2260.  1.302910E-11                     
       2262.5  1.182219E-11                     
        2265.  1.083052E-11                     
       2267.5  1.022269E-11                     
        2270.  1.056466E-11                     
       2272.5  1.123549E-11                     
        2275.  1.205964E-11                     
       2277.5  1.275378E-11                     
        2280.  1.195184E-11                     
       2282.5  1.076132E-11                     
        2285.  9.149799E-12                     
       2287.5  7.148963E-12                     
        2290.  5.094593E-12                     
       2292.5  4.332716E-12                     
        2295.  3.814480E-12                     
       2297.5  2.713765E-12                     
        2300.  2.212828E-12                     
       2302.5  2.265380E-12                     
        2305.  2.610191E-12                     
       2307.5  3.327018E-12                     
        2310.  3.316675E-12                     
       2312.5  3.355315E-12                     
        2315.  3.988196E-12                     
       2317.5  4.772288E-12                     
        2320.  6.351761E-12                     
       2322.5  9.107553E-12                     
        2325.  1.278728E-11                     
       2327.5  1.482745E-11                     
        2330.  1.679915E-11                     
       2332.5  1.836770E-11                     
        2335.  1.908005E-11                     
       2337.5  1.773292E-11                     
        2340.  1.653949E-11                     
       2342.5  1.544875E-11                     
        2345.  1.293806E-11                     
       2347.5  9.116658E-12                     
        2350.  6.901317E-12                     
       2352.5  5.600082E-12                     
        2355.  5.945330E-12                     
       2357.5  6.994549E-12                     
        2360.  1.027295E-11                     
       2362.5  1.153522E-11                     
        2365.  1.174717E-11                     
       2367.5  1.399310E-11                     
        2370.  1.623904E-11                     
       2372.5  1.568038E-11                     
        2375.  1.631624E-11                     
       2377.5  1.928363E-11                     
        2380.  1.875920E-11                     
       2382.5  1.713202E-11                     
        2385.  1.606423E-11                     
       2387.5  1.536972E-11                     
        2390.  1.533658E-11                     
       2392.5  1.530308E-11                     
        2395.  1.549100E-11                     
       2397.5  1.406813E-11                     
        2400.  9.182575E-12                     
       2402.5  8.126437E-12                     
        2405.  8.559090E-12                     
       2407.5  5.580780E-12                     
        2410.  9.383242E-13                     
       2412.5  2.423437E-12                     
        2415.  4.150259E-12                     
       2417.5  6.185328E-12                     
        2420.  9.066764E-12                     
       2422.5  1.345338E-11                     
        2425.  1.477792E-11                     
       2427.5  1.512135E-11                     
        2430.  1.530526E-11                     
       2432.5  1.548918E-11                     
        2435.  1.205600E-11                     
       2437.5  9.335170E-12                     
        2440.  7.683224E-12                     
       2442.5  8.479334E-12                     
        2445.  9.887274E-12                     
       2447.5  1.179743E-11                     
        2450.  1.372142E-11                     
       2452.5  1.431177E-11                     
        2455.  1.536208E-11                     
       2457.5  1.683594E-11                     
        2460.  1.823077E-11                     
       2462.5  1.952435E-11                     
        2465.  2.068538E-11                     
       2467.5  2.093630E-11                     
        2470.  1.838591E-11                     
       2472.5  1.641239E-11                     
        2475.  1.746780E-11                     
       2477.5  1.794015E-11                     
        2480.  1.778063E-11                     
       2482.5  1.927562E-11                     
        2485.  2.099603E-11                     
       2487.5  1.692880E-11                     
        2490.  1.295918E-11                     
       2492.5  1.516760E-11                     
        2495.  1.510278E-11                     
       2497.5  1.352185E-11                     
        2500.  1.377933E-11                     
       2502.5  1.573391E-11                     
        2505.  1.574265E-11                     
       2507.5  1.598374E-11                     
        2510.  1.707703E-11                     
       2512.5  1.793104E-11                     
        2515.  1.802646E-11                     
       2517.5  1.622957E-11                     
        2520.  1.336780E-11                     
       2522.5  1.229855E-11                     
        2525.  1.130432E-11                     
       2527.5  1.372033E-11                     
        2530.  1.682610E-11                     
       2532.5  2.050948E-11                     
        2535.  2.273319E-11                     
       2537.5  2.426969E-11                     
        2540.  2.465427E-11                     
       2542.5  2.427079E-11                     
        2545.  2.541979E-11                     
       2547.5  2.595696E-11                     
        2550.  2.557566E-11                     
       2552.5  2.499406E-11                     
        2555.  2.398563E-11                     
       2557.5  2.361489E-11                     
        2560.  2.367498E-11                     
       2562.5  2.507527E-11                     
        2565.  2.647993E-11                     
       2567.5  2.798548E-11                     
        2570.  2.853139E-11                     
       2572.5  2.737110E-11                     
        2575.  2.355953E-11                     
       2577.5  1.890997E-11                     
        2580.  1.549355E-11                     
       2582.5  1.285393E-11                     
        2585.  1.248100E-11                     
       2587.5  1.428227E-11                     
        2590.  1.843908E-11                     
       2592.5  2.120398E-11                     
        2595.  2.188136E-11                     
       2597.5  2.145855E-11                     
        2600.  2.076040E-11                     
       2602.5  1.838591E-11                     
        2605.  1.349672E-11                     
       2607.5  1.454521E-11                     
        2610.  1.707776E-11                     
       2612.5  2.065078E-11                     
        2615.  2.513718E-11                     
       2617.5  3.335539E-11                     
        2620.  3.736544E-11                     
       2622.5  3.749291E-11                     
        2625.  3.388237E-11                     
       2627.5  2.550938E-11                     
        2630.  2.689037E-11                     
       2632.5  3.113532E-11                     
        2635.  3.856361E-11                     
       2637.5  4.760998E-11                     
        2640.  6.514916E-11                     
       2642.5  6.803351E-11                     
        2645.  5.940231E-11                     
       2647.5  5.660172E-11                     
        2650.  5.459506E-11                     
       2652.5  4.946733E-11                     
        2655.  4.671044E-11                     
       2657.5  5.655074E-11                     
        2660.  6.008698E-11                     
       2662.5  5.942052E-11                     
        2665.  5.948972E-11                     
       2667.5  6.023994E-11                     
        2670.  5.892523E-11                     
       2672.5  5.742843E-11                     
        2675.  5.997408E-11                     
       2677.5  6.078622E-11                     
        2680.  5.367368E-11                     
       2682.5  5.463877E-11                     
        2685.  6.014525E-11                     
       2687.5  5.981748E-11                     
        2690.  5.490826E-11                     
       2692.5  6.502170E-11                     
        2695.  7.067750E-11                     
       2697.5  6.325904E-11                     
        2700.  5.624846E-11                     
       2702.5  5.086945E-11                     
        2705.  5.044699E-11                     
       2707.5  5.333498E-11                     
        2710.  5.590977E-11                     
       2712.5  5.848821E-11                     
        2715.  6.364872E-11                     
       2717.5  6.177681E-11                     
        2720.  4.448163E-11                     
       2722.5  4.019881E-11                     
        2725.  4.097452E-11                     
       2727.5  4.231837E-11                     
        2730.  4.432867E-11                     
       2732.5  5.470068E-11                     
        2735.  5.940595E-11                     
       2737.5  5.689672E-11                     
        2740.  5.556744E-11                     
       2742.5  5.633587E-11                     
        2745.  5.586243E-11                     
       2747.5  5.509400E-11                     
        2750.  5.769064E-11                     
       2752.5  6.028365E-11                     
        2755.  6.955581E-11                     
       2757.5  7.586350E-11                     
        2760.  7.772085E-11                     
       2762.5  7.819793E-11                     
        2765.  7.832904E-11                     
       2767.5  8.001157E-11                     
        2770.  8.228410E-11                     
       2772.5  8.446921E-11                     
        2775.  8.784885E-11                     
       2777.5  9.233562E-11                     
        2780.  8.961151E-11                     
       2782.5  7.771721E-11                     
        2785.  7.881704E-11                     
       2787.5  8.908344E-11                     
        2790.  1.344974E-10                     
       2792.5  1.818488E-10                     
        2795.  2.515248E-10                     
       2797.5  3.207747E-10                     
        2800.  3.895693E-10                     
       2802.5  3.637231E-10                     
        2805.  3.249774E-10                     
       2807.5  2.597736E-10                     
        2810.  1.885207E-10                     
       2812.5  1.195184E-10                     
        2815.  8.406132E-11                     
       2817.5  7.096156E-11                     
        2820.  6.983623E-11                     
       2822.5  7.975665E-11                     
        2825.  8.027379E-11                     
       2827.5  8.107864E-11                     
        2830.  8.424705E-11                     
       2832.5  8.584947E-11                     
        2835.  8.248075E-11                     
       2837.5  8.335480E-11                     
        2840.  8.756842E-11                     
       2842.5  9.451709E-11                     
        2845.  1.015786E-10                     
       2847.5  1.045686E-10                     
        2850.  1.081486E-10                     
       2852.5  1.146784E-10                     
        2855.  1.131561E-10                     
       2857.5  1.078390E-10                     
        2860.  1.060326E-10                     
       2862.5  1.065607E-10                     
        2865.  1.069795E-10                     
       2867.5  1.079992E-10                     
        2870.  1.099185E-10                     
       2872.5  1.153704E-10                     
        2875.  1.283171E-10                     
       2877.5  1.249266E-10                     
        2880.  1.151810E-10                     
       2882.5  1.122857E-10                     
        2885.  1.132435E-10                     
       2887.5  1.065862E-10                     
        2890.  1.037055E-10                     
       2892.5  1.081012E-10                     
        2895.  1.131634E-10                     
       2897.5  1.199409E-10                     
        2900.  1.175773E-10                     
       2902.5  1.117249E-10                     
        2905.  1.152065E-10                     
       2907.5  1.186881E-10                     
        2910.  1.287214E-10                     
       2912.5  1.399857E-10                     
        2915.  1.531036E-10                     
       2917.5  1.588177E-10                     
        2920.  1.626781E-10                     
       2922.5  1.565160E-10                     
        2925.  1.487516E-10                     
       2927.5  1.578817E-10                     
        2930.  1.652346E-10                     
       2932.5  1.703260E-10                     
        2935.  1.776716E-10                     
       2937.5  1.890305E-10                     
        2940.  1.716370E-10                     
       2942.5  1.469307E-10                     
        2945.  1.315256E-10                     
       2947.5  1.163464E-10                     
        2950.  1.037892E-10                     
       2952.5  1.095434E-10                     
        2955.  1.351347E-10                     
       2957.5  1.398400E-10                     
        2960.  1.416973E-10                     
       2962.5  1.381866E-10                     
        2965.  1.296282E-10                     
       2967.5  1.062439E-10                     
        2970.  1.006354E-10                     
       2972.5  1.068739E-10                     
        2975.  1.101552E-10                     
       2977.5  1.107161E-10                     
        2980.  1.220641E-10                     
       2982.5  1.343335E-10                     
        2985.  1.430120E-10                     
       2987.5  1.520038E-10                     
        2990.  1.626562E-10                     
       2992.5  1.677403E-10                     
        2995.  1.684541E-10                     
       2997.5  1.624778E-10                     
        3000.  1.562210E-10                     
       3002.5  1.527103E-10                     
        3005.  1.513847E-10                     
       3007.5  1.547242E-10                     
        3010.  1.553834E-10                     
       3012.5  1.547862E-10                     
        3015.  1.477610E-10                     
       3017.5  1.364531E-10                     
        3020.  1.298176E-10                     
       3022.5  1.273156E-10                     
        3025.  1.336015E-10                     
       3027.5  1.449968E-10                     
        3030.  1.725693E-10                     
       3032.5  1.951124E-10                     
        3035.  2.139736E-10                     
       3037.5  2.122874E-10                     
        3040.  2.106049E-10                     
       3042.5  1.961504E-10                     
        3045.  1.854251E-10                     
       3047.5  1.822822E-10                     
        3050.  1.824716E-10                     
       3052.5  1.837134E-10                     
        3055.  1.762804E-10                     
       3057.5  1.637342E-10                     
        3060.  1.393265E-10                     
       3062.5  1.258589E-10                     
        3065.  1.242492E-10                     
       3067.5  1.296719E-10                     
        3070.  1.456378E-10                     
       3072.5  1.616474E-10                     
        3075.  1.761092E-10                     
       3077.5  1.791392E-10                     
        3080.  1.827520E-10                     
       3082.5  2.003822E-10                     
        3085.  2.100550E-10                     
       3087.5  2.095961E-10                     
        3090.  2.089843E-10                     
       3092.5  2.081102E-10                     
        3095.  2.028113E-10                     
       3097.5  2.000107E-10                     
        3100.  2.176482E-10                     
       3102.5  2.354933E-10                     
        3105.  2.556801E-10                     
       3107.5  2.795816E-10                     
        3110.  3.075074E-10                     
       3112.5  3.100057E-10                     
        3115.  3.090334E-10                     
       3117.5  2.923063E-10                     
        3120.  2.695774E-10                     
       3122.5  2.477482E-10                     
        3125.  2.342770E-10                     
       3127.5  2.285155E-10                     
        3130.  2.210607E-10                     
       3132.5  2.114425E-10                     
        3135.  1.889613E-10                     
       3137.5  1.664255E-10                     
        3140.  1.514866E-10                     
       3142.5  1.443923E-10                     
        3145.  1.785056E-10                     
       3147.5  2.189957E-10                     
        3150.  2.644934E-10                     
       3152.5  2.823567E-10                     
        3155.  2.990656E-10                     
       3157.5  2.898371E-10                     
        3160.  2.691696E-10                     
       3162.5  2.281768E-10                     
        3165.  2.032593E-10                     
       3167.5  1.890597E-10                     
        3170.  1.742300E-10                     
       3172.5  1.588141E-10                     
        3175.  2.081284E-10                     
       3177.5  2.440007E-10                     
        3180.  2.393683E-10                     
       3182.5  2.465500E-10                     
        3185.  2.911518E-10                     
       3187.5  2.888720E-10                     
        3190.  2.626543E-10                     
       3192.5  2.950850E-10                     
        3195.  3.275194E-10                     
       3197.5  3.343333E-10                     
        3200.  3.494616E-10                     
       3202.5  3.453936E-10                     
        3205.  3.413257E-10                     
       3207.5  3.372577E-10                     
        3210.  3.331898E-10                     
       3212.5  3.291218E-10                     
        3215.  3.250539E-10                     
       3217.5  3.209859E-10                     
        3220.  3.169180E-10                     
       3222.5  3.282842E-10                     
        3225.  3.396541E-10                     
       3227.5  3.510239E-10                     
        3230.  3.623938E-10                     
       3232.5  3.737637E-10                     
        3235.  3.851263E-10                     
       3237.5  3.964888E-10                     
        3240.  4.078879E-10                     
        3260.  3.852720E-10                     
        3270.   1.591600E-9                     
        3280.  5.658352E-10                     
        3290.  6.192976E-10                     
        3300.  2.286649E-10                     
        3310.  2.784417E-10                     
        3320.  8.843519E-10                     
        3330.  3.426003E-10                     
        3340.  1.766701E-10                     
        3350.   1.131452E-9                     
        3360.  8.156665E-10                     
        3370.  5.072013E-10                     
        3380.  1.665348E-10                     
        3390.  7.386777E-10                     
        3400.  7.740401E-10                     
        3410.  8.085284E-10                     
        3420.  6.456646E-10                     
        3430.  4.864791E-10                     
        3440.  9.743422E-10                     
        3450.  9.216081E-10                     
        3460.  5.978471E-10                     
        3470.  4.120760E-10                     
        3480.  4.830922E-10                     
        3490.  4.320334E-10                     
        3500.  7.371116E-10                     
        3510.  8.500821E-10                     
        3520.  5.363361E-10                     
        3530.  3.222096E-10                     
        3540.  4.307587E-10                     
        3550.  1.077880E-10                     
        3560.  9.724119E-10                     
        3570.  4.351289E-10                     
        3580.  1.095834E-10                     
        3590.  6.625629E-10                     
        3600.  1.112696E-10                     
        3610.  9.428036E-10                     
        3620.  7.570326E-10                     
        3630.  3.426877E-10                     
        3640.  8.268106E-10                     
        3650.  7.342346E-10                     
        3660.   1.214049E-9                     
        3670.  4.377511E-10                     
        3680.  8.671988E-10                     
        3690.  2.118249E-10                     
        3700.  2.071305E-10                     
        3710.  3.043317E-10                     
        3720.  7.939246E-10                     
        3730.  5.940959E-10                     
        3740.  3.947044E-10                     
        3750.  2.948993E-10                     
        3760.  6.851060E-10                     
        3770.  6.887114E-10                     
        3780.  5.714800E-10                     
        3790.  6.528755E-10                     
        3800.  7.254941E-10                     
        3810.  5.262482E-10                     
        3820.  6.633277E-10                     
        3830.  6.829572E-10                     
        3840.  7.021498E-10                     
        3850.  4.126587E-10                     
        3860.  8.759027E-10                     
        3870.   1.321484E-9                     
        3880.  1.294571E-10                     
        3890.  1.273411E-10                     
        3900.  8.149381E-10                     
        3910.  6.165662E-10                     
        3920.   1.152320E-9                     
        3930.  7.370388E-10                     
        3940.   1.097145E-9                     
        3950.  8.961879E-10                     
        3960.  8.333295E-10                     
        3970.   1.537519E-9                     
        3980.  8.538695E-10                     
        3990.   1.873735E-9                     
        4000.   1.162262E-9                     
        4010.   1.924138E-9                     
        4020.   1.052642E-9                     
        4030.  9.617049E-10                     
        4040.   1.205782E-9                     
        4050.  9.199328E-10                     
        4060.   1.153776E-9                     
        4070.   1.330989E-9                     
        4080.   1.244459E-9                     
        4090.   1.098639E-9                     
        4100.   1.114189E-9                     
        4110.  9.355200E-10                     
        4120.  7.521161E-10                     
        4130.  8.649772E-10                     
        4140.   1.332118E-9                     
        4150.   1.237175E-9                     
        4160.   1.503140E-9                     
        4170.   1.261940E-9                     
        4180.  9.235019E-10                     
        4190.  7.874057E-10                     
        4200.  7.608201E-10                     
        4210.   1.175883E-9                     
        4220.  6.529484E-10                     
        4230.  4.758813E-10                     
        4240.   1.017717E-9                     
        4250.  8.311080E-10                     
        4260.  6.222839E-10                     
        4270.  8.931287E-10                     
        4280.   1.096709E-9                     
        4290.   1.024090E-9                     
        4300.   1.040806E-9                     
        4310.   1.176429E-9                     
        4320.  9.073685E-10                     
        4330.   1.121182E-9                     
        4340.   1.197224E-9                     
        4350.   1.245588E-9                     
        4360.   1.264999E-9                     
        4370.   1.354698E-9                     
        4380.   1.579801E-9                     
        4390.   1.431395E-9                     
        4400.   1.067319E-9                     
        4410.   1.465446E-9                     
        4420.   1.751441E-9                     
        4430.   1.790810E-9                     
        4440.   1.805195E-9                     
        4450.   1.682501E-9                     
        4460.   2.314181E-9                     
        4470.   2.248154E-9                     
        4480.   2.147785E-9                     
        4490.   2.292366E-9                     
        4500.   2.394302E-9                     
        4510.   2.426168E-9                     
        4520.   2.618276E-9                     
        4530.   2.694500E-9                     
        4540.   2.592929E-9                     
        4550.   2.776551E-9                     
        4560.   3.474549E-9                     
        4570.   3.219983E-9                     
        4580.   2.929254E-9                     
        4590.   2.618276E-9                     
        4600.   2.856089E-9                     
        4610.   3.083414E-9                     
        4620.   2.939925E-9                     
        4630.   2.870657E-9                     
        4640.   3.032282E-9                     
        4650.   2.932532E-9                     
        4660.   2.922990E-9                     
        4670.   2.807215E-9                     
        4680.   2.777534E-9                     
        4690.   3.279200E-9                     
        4700.   2.948192E-9                     
        4710.   2.943712E-9                     
        4720.   2.958098E-9                     
        4730.   3.157161E-9                     
        4740.   2.949867E-9                     
        4750.   2.994225E-9                     
        4760.   2.516777E-9                     
        4770.   2.099603E-9                     
        4780.   2.388876E-9                     
        4790.   2.555490E-9                     
        4800.   2.604437E-9                     
        4810.   2.200409E-9                     
        4820.   2.387965E-9                     
        4830.   2.456505E-9                     
        4840.   2.487715E-9                     
        4850.   2.725856E-9                     
        4860.   2.762748E-9                     
        4870.   2.891197E-9                     
        4880.   2.932605E-9                     
        4890.   3.093793E-9                     
        4900.   3.298138E-9                     
        4910.   3.446288E-9                     
        4920.   3.563301E-9                     
        4930.   3.858546E-9                     
        4940.   4.061762E-9                     
        4950.   2.915233E-9                     
        4960.   2.430429E-9                     
        4970.   2.785838E-9                     
        4980.   2.913521E-9                     
        4990.   2.996373E-9                     
        5000.   2.432104E-9                     
        5010.   2.467467E-9                     
        5020.   2.888647E-9                     
        5030.   2.898917E-9                     
        5040.   2.625086E-9                     
        5050.   2.901467E-9                     
        5060.   3.044810E-9                     
        5070.   3.163134E-9                     
        5080.   3.218818E-9                     
        5090.   3.120452E-9                     
        5100.   3.162952E-9                     
        5110.   3.133672E-9                     
        5120.   3.036325E-9                     
        5130.   3.392207E-9                     
        5140.   3.297555E-9                     
        5150.   3.388820E-9                     
        5160.   2.880380E-9                     
        5170.   1.987324E-9                     
        5180.   2.330314E-9                     
        5190.   2.877685E-9                     
        5200.   2.746105E-9                     
        5210.   3.155523E-9                     
        5220.   3.744192E-9                     
        5230.   3.534749E-9                     
        5240.   3.578488E-9                     
        5250.   3.582494E-9                     
        5260.   3.483472E-9                     
        5270.   3.548734E-9                     
        5280.   4.073780E-9                     
        5290.   4.109106E-9                     
        5300.   3.987832E-9                     
        5310.   4.043917E-9                     
        5320.   3.913538E-9                     
        5330.   3.982734E-9                     
        5340.   4.182672E-9                     
        5350.   4.372776E-9                     
        5360.   4.420485E-9                     
        5370.   4.563610E-9                     
        5380.   4.899388E-9                     
        5390.   4.879723E-9                     
        5400.   4.794868E-9                     
        5410.   4.763547E-9                     
        5420.   5.067278E-9                     
        5430.   4.905944E-9                     
        5440.   4.885914E-9                     
        5450.   3.930291E-9                     
        5460.   3.580600E-9                     
        5470.   3.812295E-9                     
        5480.   3.880034E-9                     
        5490.   3.847985E-9                     
        5500.   3.410234E-9                     
        5510.   3.133198E-9                     
        5520.   3.048670E-9                     
        5530.   2.881509E-9                     
        5540.   2.787586E-9                     
        5550.   2.792502E-9                     
        5560.   3.199443E-9                     
        5570.   3.718335E-9                     
        5580.   3.799549E-9                     
        5590.   3.615635E-9                     
        5600.   3.495417E-9                     
        5610.   3.433105E-9                     
        5620.   3.489954E-9                     
        5630.   3.426549E-9                     
        5640.   3.422580E-9                     
        5650.   3.754753E-9                     
        5660.   3.768957E-9                     
        5670.   3.819943E-9                     
        5680.   3.846893E-9                     
        5690.   4.015875E-9                     
        5700.   4.007498E-9                     
        5710.   4.300304E-9                     
        5720.   4.169561E-9                     
        5730.   4.334173E-9                     
        5740.   4.852773E-9                     
        5760.   4.712561E-9                     
        5780.   4.223460E-9                     
        5800.   4.005678E-9                     
        5820.   3.474513E-9                     
        5840.   3.663343E-9                     
        5860.   3.212153E-9                     
        5880.   2.261301E-9                     
        5900.   2.018462E-9                     
        5920.   2.819853E-9                     
        5940.   2.830195E-9                     
        5960.   2.847567E-9                     
        5980.   3.438640E-9                     
        6000.   3.535332E-9                     
        6020.   3.703403E-9                     
        6040.   3.795543E-9                     
        6060.   3.952506E-9                     
        6080.   3.803919E-9                     
        6100.   4.131322E-9                     
        6120.   3.913903E-9                     
        6140.   3.789351E-9                     
        6160.   2.889631E-9                     
        6180.   2.489500E-9                     
        6200.   2.417464E-9                     
        6220.   2.377222E-9                     
        6240.   2.503048E-9                     
        6260.   2.754627E-9                     
        6280.   3.147328E-9                     
        6300.   3.542761E-9                     
        6320.   4.453990E-9                     
        6340.   4.721302E-9                     
        6360.   4.577084E-9                     
        6380.   4.490408E-9                     
        6400.   5.123727E-9                     
        6420.   5.451494E-9                     
        6440.   5.720263E-9                     
        6460.   6.201352E-9                     
        6480.   6.257801E-9                     
        6500.   6.446085E-9                     
        6520.   7.166808E-9                     
        6540.   7.458521E-9                     
        6560.   6.905323E-9                     
        6580.   6.556069E-9                     
        6600.   6.073523E-9                     
        6620.   5.407792E-9                     
        6640.   5.023940E-9                     
        6660.   4.728586E-9                     
        6680.   4.401183E-9                     
        6700.   4.118939E-9                     
        6720.   3.870200E-9                     
        6740.   3.860003E-9                     
        6760.   3.956512E-9                     
        6780.   3.746742E-9                     
        6800.   3.828319E-9                     
        6820.   3.953963E-9                     
        6840.   3.766407E-9                     
        6860.   3.980549E-9                     
        6880.   3.850534E-9                     
        6900.   4.334537E-9                     
        6920.   4.954017E-9                     
        6940.   5.622297E-9                     
        6960.   5.763965E-9                     
        6980.   6.396556E-9                     
        7000.   6.722502E-9                     
        7020.   7.408992E-9                     
        7040.   7.258584E-9                     
        7060.   6.503627E-9                     
        7080.   5.511949E-9                     
        7100.   5.000632E-9                     
        7120.   4.847311E-9                     
        7140.   4.368406E-9                     
        7160.   4.802152E-9                     
        7180.   5.203483E-9                     
        7200.   5.508671E-9                     
        7220.   6.107757E-9                     
        7240.   6.698101E-9                     
        7260.   7.422831E-9                     
        7280.   8.226952E-9                     
        7300.   8.892320E-9                     
        7320.   9.573711E-9                     
        7340.   9.911312E-9                     
        7360.   1.041971E-8                     
        7380.   1.090809E-8                     
        7400.   1.096854E-8                     
        7420.   1.111385E-8                     
        7440.   1.123112E-8                     
        7460.   1.153376E-8                     
        7480.   1.172241E-8                     
        7500.   1.169691E-8                     
        7520.   1.189976E-8                     
        7540.   1.221551E-8                     
        7560.   1.216125E-8                     
        7580.   1.087349E-8                     
        7600.   9.868336E-9                     
        7620.   1.063640E-8                     
        7640.   8.771046E-9                     
        7660.   7.957455E-9                     
        7680.   6.803351E-9                     
        7700.   7.525895E-9                     
        7720.   8.439637E-9                     
        7740.   8.468043E-9                     
        7760.   8.290685E-9                     
        7780.   8.663975E-9                     
        7800.   8.806736E-9                     
        7820.   8.987008E-9                     
        7840.   9.021970E-9                     
        7860.   9.404729E-9                     
        7880.   9.968852E-9                     
        7900.   1.008284E-8                     
        7920.   9.919323E-9                     
        7940.   1.029298E-8                     
        7960.   1.061492E-8                     
        7980.   1.104101E-8                     
        8000.   1.114372E-8                     
        8020.   1.145364E-8                     
        8040.   1.235645E-8                     
        8060.   1.234990E-8                     
        8080.   1.264452E-8                     
        8100.   1.267402E-8                     
        8120.   1.274977E-8                     
        8140.   1.264052E-8                     
        8160.   1.181054E-8                     
        8180.   1.103446E-8                     
        8200.   1.196678E-8                     
        8220.   1.247591E-8                     
        8240.   1.218164E-8                     
        8260.   1.282698E-8                     
        8280.   1.128138E-8                     
        8300.   1.206802E-8                     
        8320.   1.217035E-8                     
        8340.   1.212592E-8                     
        8360.   1.202468E-8                     
        8380.   1.191033E-8                     
        8400.   1.151737E-8                     
        8420.   1.129085E-8                     
        8440.   1.086147E-8                     
        8460.   1.002494E-8                     
        8480.   1.028096E-8                     
        8500.   1.012472E-8                     
        8520.   1.020812E-8                     
        8540.   1.029626E-8                     
        8560.   1.039495E-8                     
        8580.   1.142268E-8                     
        8600.   1.132289E-8                     
        8620.   1.042372E-8                     
        8640.   1.048381E-8                     
        8660.   1.066590E-8                     
        8680.   1.062293E-8                     
        8700.   1.050129E-8                     
        8720.   1.101953E-8                     
        8740.   1.122347E-8                     
        8760.   1.187209E-8                     
        8780.   1.114335E-8                     
        8800.   1.153558E-8                     
        8820.   1.096563E-8                     
        8840.   1.106032E-8                     
        8860.   1.084217E-8                     
        8880.   1.058251E-8                     
        8900.   1.052642E-8                     
        8920.   1.036108E-8                     
        8940.   1.047034E-8                     
        8960.   1.062038E-8                     
        8980.   1.063313E-8                     
        9000.   1.074020E-8                     
        9020.   1.118705E-8                     
        9040.   1.157855E-8                     
        9060.   1.083088E-8                     
        9080.   1.101734E-8                     
        9100.   1.112369E-8                     
        9120.   1.168599E-8                     
        9140.   1.172350E-8                     
        9160.   1.140884E-8                     
        9180.   1.125115E-8                     
        9200.   1.164920E-8                     
        9220.   1.116775E-8                     
        9240.   1.082797E-8                     
        9260.   1.066845E-8                     
        9280.   1.006500E-8                     
        9300.   9.578446E-9                     
        9320.   8.462945E-9                     
        9340.   9.548218E-9                     
        9360.   9.248858E-9                     
        9380.   9.525638E-9                     
        9400.   1.052387E-8                     
        9420.   9.236475E-9                     
        9440.   8.807829E-9                     
        9460.   1.025947E-8                     
        9480.   1.034578E-8                     
        9500.   9.792951E-9                     
        9520.   1.013055E-8                     
        9540.   9.928064E-9                     
        9560.   9.774377E-9                     
        9580.   9.763452E-9                     
        9600.   9.702633E-9                     
        9620.   9.955742E-9                     
        9640.   9.574804E-9                     
        9660.   9.987790E-9                     
        9680.   1.012327E-8                     
        9700.   1.014257E-8                     
        9720.   9.988883E-9                     
        9740.   1.021286E-8                     
        9760.   9.899293E-9                     
        9780.   9.407278E-9                     
        9800.   1.013128E-8                     
        9820.   1.049437E-8                     
        9840.   1.050967E-8                     
        9860.   1.013346E-8                     
        9880.   9.839931E-9                     
        9900.   9.093714E-9                     
        9920.   8.743732E-9                     
        9940.   9.201513E-9                     
        9960.   9.304578E-9                     
        9980.   9.181119E-9                     
       10000.   9.337718E-9                     
       10020.   9.670948E-9                     
       10040.   9.268524E-9                     
       10060.   9.467005E-9                     
       10080.   9.934983E-9                     
       10100.   9.960476E-9                     
       10120.   9.404000E-9                     
       10140.   9.257598E-9                     
       10160.   9.638900E-9                     
       10180.   9.527823E-9                     
       10200.   9.196051E-9                     
       10220.   9.353743E-9                     
       10240.   8.992835E-9                     
       10260.   8.297605E-9                     
       10280.   8.807101E-9                     
       10300.   8.701487E-9                     
       10320.   8.830773E-9                     
       10340.   8.808193E-9                     
       10360.   8.991378E-9                     
       10380.   9.051469E-9                     
       10400.   8.740818E-9                     
       10420.   9.069677E-9                     
       10440.   9.143972E-9                     
       10460.   9.618141E-9                     
       10480.   9.062759E-9                     
       10500.   8.678906E-9                     
       10520.   9.099177E-9                     
       10540.   8.991014E-9                     
       10560.   9.527823E-9                     
       10580.   9.250314E-9                     
       10600.   8.924004E-9                     
       10800.   8.882487E-9                     
       11000.            0.                     
       11200.            0.                     
       11400.            0.                     
       11600.            0.                     
       11800.            0.                     
       12000.            0.                     
       12200.            0.                     
       12400.            0.                     
       12600.            0.                     
       12800.            0.                     
       13000.            0.                     
       13200.            0.                     
       13400.            0.                     
       13600.            0.                     
       13800.            0.                     
       14000.            0.                     
       14200.            0.                     
       14400.            0.                     
       14600.            0.                     
       14800.            0.                     
       15000.            0.                     
       15200.            0.                     
       15400.            0.                     
       15600.            0.                     
       15800.            0.                     
       16000.            0.                     
       16200.            0.                     
       16400.            0.                     
       16600.            0.                     
       16800.            0.                     
       17000.            0.                     
       17200.            0.                     
       17400.            0.                     
       17600.            0.                     
       17800.            0.                     
       18000.            0.                     
       18200.            0.                     
       18400.            0.                     
       18600.            0.                     
       18800.            0.                     
       19000.            0.                     
       19200.            0.                     
       19400.            0.                     
       19600.            0.                     
       19800.            0.                     
       20000.            0.                     
       20200.            0.                     
       20400.            0.                     
       20600.            0.                     
       20800.            0.                     
       21000.            0.                     
       21200.            0.                     
       21400.            0.                     
       21600.            0.                     
       21800.            0.                     
       22000.            0.                     
       22200.            0.                     
       22400.            0.                     
       22600.            0.                     
       22800.            0.                     
       23000.            0.                     
       23200.            0.                     
       23400.            0.                     
       23600.            0.                     
       23800.            0.                     
       24000.            0.                     
       24200.            0.                     
       24400.            0.                     
       24600.            0.                     
       24800.            0.                     
       25000.            0.                     
       25200.            0.                     
       25400.            0.                     
       25600.            0.                     
